Objects
800
,,Global Angle elbow:elbow,,,,,,Global Angle shoulder:shoulder,,,,,,Global Angle wrist:wrist,,,,,,
Frame,Sub Frame,RX,RY,RZ,TX,TY,TZ,RX,RY,RZ,TX,TY,TZ,RX,RY,RZ,TX,TY,TZ
,,rad,rad,rad,mm,mm,mm,rad,rad,rad,mm,mm,mm,rad,rad,rad,mm,mm,mm
1,0,0.054549,-1.503859,0.355896,-334.867096,-19.188334,-40.827293,1.631409,0.371079,2.787550,-334.506897,76.786613,197.365631,3.310745,-0.987286,1.087095,-175.316696,76.539825,-107.501877
2,0,0.054122,-1.505310,0.356143,-334.862000,-19.188879,-40.817955,1.640950,0.427710,2.798434,-334.483856,76.780884,197.359238,3.310684,-0.987207,1.087376,-175.310471,76.536087,-107.504059
3,0,0.054276,-1.504615,0.356347,-334.863678,-19.189629,-40.816338,1.646644,0.462984,2.804821,-334.449921,76.786919,197.352310,3.310737,-0.987297,1.087087,-175.309677,76.527802,-107.505859
4,0,0.054199,-1.504362,0.355687,-334.857544,-19.203156,-40.806568,1.651701,0.495292,2.810109,-334.415344,76.789169,197.347443,3.310900,-0.987228,1.086942,-175.305618,76.525024,-107.505150
5,0,0.054235,-1.504227,0.355932,-334.854889,-19.205894,-40.800011,1.658271,0.539942,2.817015,-334.367126,76.790863,197.349808,3.310645,-0.987130,1.087268,-175.309067,76.517456,-107.504158
6,0,0.054523,-1.503799,0.355426,-334.851959,-19.217085,-40.792610,1.663522,0.575810,2.822087,-334.346405,76.789429,197.346939,3.310788,-0.987155,1.087167,-175.307236,76.511963,-107.503922
7,0,0.054709,-1.503273,0.355250,-334.850220,-19.225637,-40.790085,1.666832,0.600470,2.825569,-334.313416,76.798782,197.344788,3.310889,-0.987138,1.086852,-175.309189,76.503189,-107.505997
8,0,0.054581,-1.504149,0.355008,-334.841187,-19.234652,-40.774529,1.667122,0.602508,2.825657,-334.278381,76.794830,197.348236,3.311115,-0.987113,1.086822,-175.311386,76.494652,-107.501404
9,0,0.054473,-1.503893,0.355251,-334.844330,-19.240969,-40.766087,1.668054,0.610627,2.826810,-334.253235,76.792969,197.350449,3.310791,-0.987362,1.087047,-175.315781,76.485909,-107.499016
10,0,0.054188,-1.504105,0.354593,-334.836700,-19.251419,-40.754021,1.668992,0.618262,2.827815,-334.204895,76.799728,197.351700,3.310747,-0.986995,1.086899,-175.319427,76.481560,-107.499672
11,0,0.054462,-1.503393,0.354622,-334.836243,-19.261763,-40.744862,1.668828,0.616282,2.827574,-334.177246,76.800415,197.355423,3.310866,-0.987066,1.086899,-175.323868,76.471771,-107.491669
12,0,0.053947,-1.504675,0.354577,-334.833038,-19.272741,-40.721439,1.669825,0.622957,2.828374,-334.149902,76.796623,197.352600,3.310779,-0.986934,1.087062,-175.333878,76.460777,-107.491402
13,0,0.054175,-1.504092,0.354582,-334.836853,-19.287626,-40.713470,1.669695,0.620246,2.827763,-334.119385,76.796227,197.346985,3.310733,-0.986833,1.087072,-175.340134,76.454155,-107.492775
14,0,0.054025,-1.503717,0.354438,-334.841492,-19.298279,-40.711174,1.671109,0.632474,2.829574,-334.095886,76.795677,197.360153,3.310766,-0.986683,1.086858,-175.347794,76.446487,-107.489998
15,0,0.054222,-1.504035,0.354783,-334.839813,-19.304976,-40.695793,1.673635,0.650681,2.831547,-334.073303,76.795067,197.350998,3.310675,-0.986705,1.086686,-175.359924,76.438217,-107.488586
16,0,0.054141,-1.505028,0.354588,-334.839386,-19.322355,-40.681374,1.674462,0.656074,2.832115,-334.045074,76.794685,197.349564,3.310796,-0.986628,1.086760,-175.363724,76.433372,-107.490746
17,0,0.053609,-1.505432,0.354686,-334.828552,-19.329288,-40.669632,1.676025,0.667439,2.833257,-334.025421,76.798363,197.347687,3.310934,-0.986517,1.086802,-175.374710,76.422363,-107.488777
18,0,0.053848,-1.504997,0.354709,-334.834656,-19.340618,-40.668568,1.677876,0.680881,2.834599,-334.003296,76.793037,197.343216,3.310697,-0.986481,1.086916,-175.386292,76.412262,-107.490311
19,0,0.053735,-1.504838,0.354780,-334.840942,-19.356995,-40.661747,1.677836,0.679223,2.834447,-333.975769,76.796547,197.344009,3.310690,-0.986398,1.087115,-175.393219,76.406937,-107.495193
20,0,0.053978,-1.504799,0.354621,-334.852142,-19.365810,-40.663597,1.679582,0.691863,2.835558,-333.946350,76.789841,197.335785,3.311125,-0.986203,1.086544,-175.407578,76.395378,-107.492752
21,0,0.053856,-1.505156,0.354502,-334.854614,-19.378164,-40.652699,1.680226,0.695118,2.835758,-333.925446,76.791641,197.332687,3.310802,-0.986309,1.086488,-175.417923,76.390121,-107.495674
22,0,0.054014,-1.504933,0.354407,-334.858948,-19.390059,-40.653023,1.679691,0.689327,2.835091,-333.894989,76.793373,197.326996,3.311204,-0.986012,1.086343,-175.425735,76.381119,-107.501434
23,0,0.053941,-1.504948,0.354360,-334.864929,-19.399590,-40.651981,1.681193,0.701210,2.836215,-333.869171,76.793716,197.326904,3.310926,-0.986148,1.086511,-175.439713,76.369743,-107.503792
24,0,0.054204,-1.504414,0.354200,-334.869812,-19.406864,-40.652699,1.680067,0.689836,2.834910,-333.849182,76.788254,197.325699,3.311116,-0.986159,1.086143,-175.451218,76.362442,-107.509796
25,0,0.053766,-1.504905,0.354406,-334.873352,-19.414516,-40.646595,1.680018,0.685709,2.834259,-333.823425,76.794777,197.315048,3.311303,-0.985927,1.086207,-175.461273,76.354012,-107.510933
26,0,0.054249,-1.504783,0.354412,-334.879822,-19.427498,-40.648632,1.680408,0.688615,2.834565,-333.798065,76.792816,197.317352,3.311146,-0.985897,1.086118,-175.472275,76.346893,-107.517036
27,0,0.054306,-1.504005,0.354184,-334.892365,-19.437056,-40.649105,1.682544,0.706057,2.836298,-333.773346,76.798225,197.312668,3.311277,-0.985776,1.086156,-175.481064,76.337395,-107.521889
28,0,0.053896,-1.504618,0.354728,-334.893280,-19.447802,-40.642757,1.683413,0.710392,2.836516,-333.751312,76.794785,197.309570,3.311376,-0.985758,1.085946,-175.493118,76.327164,-107.524406
29,0,0.054725,-1.503501,0.354398,-334.903564,-19.452871,-40.650394,1.682246,0.697780,2.835140,-333.730652,76.798149,197.306885,3.311512,-0.985666,1.085808,-175.507034,76.318901,-107.528732
30,0,0.054128,-1.504451,0.354380,-334.901428,-19.463837,-40.641247,1.684469,0.715507,2.836893,-333.709747,76.802116,197.293381,3.311153,-0.985574,1.086138,-175.516479,76.313339,-107.534996
31,0,0.054140,-1.504803,0.354867,-334.911133,-19.466793,-40.640903,1.682428,0.695419,2.834637,-333.689087,76.794800,197.296829,3.311364,-0.985439,1.086133,-175.532913,76.303978,-107.537270
32,0,0.054319,-1.503273,0.354571,-334.925201,-19.483715,-40.648064,1.683604,0.704139,2.835675,-333.665039,76.799866,197.292084,3.311415,-0.985322,1.086016,-175.546783,76.294548,-107.542908
33,0,0.054364,-1.503651,0.354694,-334.929260,-19.491318,-40.644699,1.684250,0.707784,2.835776,-333.648254,76.806137,197.285294,3.311504,-0.985284,1.085766,-175.556137,76.293327,-107.549950
34,0,0.054488,-1.502945,0.354745,-334.940491,-19.500395,-40.646439,1.683061,0.695895,2.834510,-333.633606,76.800957,197.285934,3.311307,-0.985219,1.086268,-175.568771,76.284798,-107.553261
35,0,0.054629,-1.502727,0.355008,-334.949799,-19.510315,-40.642918,1.681785,0.682702,2.833022,-333.607697,76.804001,197.277344,3.311343,-0.985094,1.086149,-175.583832,76.274002,-107.559219
36,0,0.054476,-1.502903,0.354676,-334.951141,-19.515007,-40.641529,1.683131,0.693700,2.834015,-333.596130,76.803329,197.276932,3.311733,-0.984743,1.086050,-175.595291,76.268585,-107.563789
37,0,0.054346,-1.503448,0.355451,-334.956696,-19.526077,-40.635597,1.681817,0.680654,2.832470,-333.576324,76.805557,197.275391,3.311582,-0.984403,1.086061,-175.609207,76.258652,-107.566574
38,0,0.054163,-1.502965,0.355505,-334.965729,-19.536186,-40.632126,1.681138,0.674416,2.831881,-333.560028,76.807388,197.271820,3.311717,-0.984553,1.086387,-175.625198,76.253090,-107.578346
39,0,0.054487,-1.503360,0.355244,-334.966125,-19.540586,-40.628021,1.682413,0.685041,2.832881,-333.539429,76.809097,197.270676,3.311447,-0.984712,1.086419,-175.639206,76.248978,-107.578194
40,0,0.054397,-1.503120,0.355248,-334.981018,-19.547915,-40.623180,1.680568,0.667762,2.830893,-333.526337,76.811256,197.263397,3.311406,-0.984194,1.086600,-175.658340,76.239716,-107.581017
41,0,0.054461,-1.502907,0.355302,-334.986877,-19.555359,-40.618366,1.681099,0.672049,2.831413,-333.514099,76.815010,197.260895,3.311616,-0.984210,1.086468,-175.670441,76.233215,-107.584175
42,0,0.054196,-1.503095,0.355570,-334.993469,-19.564508,-40.611839,1.679481,0.657069,2.829587,-333.508118,76.813065,197.263351,3.311652,-0.984091,1.087006,-175.684113,76.227158,-107.590225
43,0,0.054291,-1.502826,0.355765,-335.004120,-19.564796,-40.602425,1.681365,0.672104,2.831297,-333.482147,76.823837,197.258041,3.311575,-0.983832,1.086749,-175.703888,76.220245,-107.592049
44,0,0.054544,-1.502246,0.355697,-335.017212,-19.567255,-40.602310,1.680915,0.668787,2.830964,-333.475220,76.816383,197.262024,3.311225,-0.983639,1.087605,-175.718460,76.213104,-107.602249
45,0,0.054409,-1.502949,0.355747,-335.025604,-19.578135,-40.593880,1.680184,0.661828,2.830071,-333.469452,76.816353,197.255600,3.311515,-0.983572,1.087225,-175.734207,76.202728,-107.602043
46,0,0.054312,-1.502748,0.356143,-335.037903,-19.588465,-40.589211,1.680616,0.664423,2.830194,-333.457489,76.811676,197.258331,3.311313,-0.983549,1.087726,-175.750427,76.193848,-107.606728
47,0,0.054271,-1.502646,0.356188,-335.039093,-19.583658,-40.589306,1.680261,0.660369,2.829752,-333.448639,76.817139,197.256241,3.311347,-0.983304,1.087658,-175.769012,76.181885,-107.608727
48,0,0.053936,-1.503393,0.356231,-335.051697,-19.595663,-40.578335,1.680323,0.661154,2.829809,-333.438721,76.819946,197.253540,3.311281,-0.983225,1.087918,-175.789627,76.169548,-107.612701
49,0,0.054111,-1.502931,0.356161,-335.067474,-19.601786,-40.579193,1.680734,0.663959,2.830086,-333.436737,76.819305,197.251251,3.311081,-0.983001,1.088300,-175.804443,76.160622,-107.617378
50,0,0.054394,-1.502538,0.356479,-335.083832,-19.603218,-40.584381,1.680343,0.659783,2.829592,-333.426697,76.826820,197.245132,3.310934,-0.983174,1.088194,-175.817932,76.148819,-107.618721
51,0,0.054828,-1.501215,0.356406,-335.106720,-19.610386,-40.588795,1.679735,0.652457,2.828553,-333.418945,76.819130,197.246002,3.310681,-0.982927,1.088551,-175.838913,76.136398,-107.623428
52,0,0.054217,-1.502053,0.356678,-335.119232,-19.619698,-40.586884,1.679338,0.648017,2.828123,-333.419312,76.825195,197.242371,3.310860,-0.982940,1.088654,-175.851761,76.126854,-107.631371
53,0,0.054704,-1.501482,0.356154,-335.142883,-19.619488,-40.591957,1.680849,0.658950,2.829265,-333.418701,76.826019,197.235596,3.310745,-0.982998,1.089045,-175.866257,76.113220,-107.635544
54,0,0.054686,-1.501314,0.356000,-335.158417,-19.624184,-40.597225,1.679524,0.647056,2.827894,-333.420654,76.830070,197.231583,3.310804,-0.982868,1.088874,-175.884918,76.098068,-107.639961
55,0,0.054487,-1.502047,0.356359,-335.164795,-19.628885,-40.584122,1.680200,0.652090,2.828456,-333.421295,76.827873,197.226913,3.310769,-0.982983,1.089242,-175.898788,76.084564,-107.641624
56,0,0.054416,-1.501378,0.356147,-335.176270,-19.625761,-40.590523,1.680344,0.652169,2.828456,-333.424408,76.831474,197.219635,3.310562,-0.982859,1.089136,-175.916275,76.075851,-107.646317
57,0,0.054674,-1.500984,0.356167,-335.215057,-19.643869,-40.592766,1.679222,0.641053,2.826922,-333.425079,76.832336,197.215256,3.310486,-0.983179,1.089367,-175.934677,76.060738,-107.652641
58,0,0.054689,-1.501046,0.355904,-335.224884,-19.642260,-40.602547,1.678838,0.636265,2.826056,-333.428894,76.822113,197.207397,3.310510,-0.983206,1.089380,-175.948990,76.048347,-107.656593
59,0,0.054641,-1.501342,0.356304,-335.245819,-19.648451,-40.609432,1.679577,0.641079,2.826693,-333.432434,76.832237,197.196274,3.310657,-0.983009,1.089285,-175.963165,76.030762,-107.663727
60,0,0.054597,-1.501032,0.355961,-335.261353,-19.647806,-40.615665,1.677730,0.625087,2.824661,-333.432373,76.833885,197.183838,3.310642,-0.983302,1.089489,-175.975021,76.019096,-107.669914
61,0,0.054410,-1.500728,0.355598,-335.276276,-19.651991,-40.618725,1.679422,0.637949,2.825993,-333.438019,76.825645,197.181396,3.310623,-0.983169,1.089951,-175.989288,76.008156,-107.674759
62,0,0.054683,-1.499918,0.355334,-335.299591,-19.660616,-40.629810,1.679079,0.634062,2.825515,-333.439606,76.831772,197.173279,3.310857,-0.983324,1.089552,-176.002136,75.997017,-107.681870
63,0,0.054379,-1.500105,0.355064,-335.311676,-19.659414,-40.634399,1.680530,0.643842,2.826576,-333.452728,76.828392,197.168350,3.310815,-0.983344,1.089621,-176.011612,75.985130,-107.686203
64,0,0.054719,-1.500058,0.355005,-335.322449,-19.657444,-40.639256,1.679278,0.634098,2.825320,-333.457031,76.830605,197.168335,3.310923,-0.983577,1.089813,-176.022064,75.970131,-107.691414
65,0,0.054516,-1.499309,0.354646,-335.343079,-19.667406,-40.648762,1.679198,0.631218,2.824848,-333.461212,76.836174,197.159058,3.311003,-0.983293,1.089527,-176.031509,75.956543,-107.695084
66,0,0.054596,-1.498837,0.354420,-335.352173,-19.658802,-40.654278,1.681653,0.649989,2.827107,-333.471771,76.843452,197.152527,3.311184,-0.983383,1.089694,-176.035431,75.947121,-107.696724
67,0,0.054248,-1.499075,0.353986,-335.369751,-19.668432,-40.654064,1.678780,0.625411,2.823950,-333.468262,76.846558,197.151962,3.311171,-0.983446,1.089483,-176.046295,75.934502,-107.700623
68,0,0.054506,-1.497870,0.353875,-335.383881,-19.664808,-40.661533,1.680306,0.637002,2.825391,-333.481079,76.852959,197.145874,3.311166,-0.983762,1.089908,-176.052094,75.918411,-107.702812
69,0,0.054427,-1.497907,0.353520,-335.406036,-19.662027,-40.660801,1.680699,0.639126,2.825600,-333.493256,76.861404,197.147354,3.311085,-0.983644,1.089921,-176.054932,75.909409,-107.705040
70,0,0.054322,-1.497799,0.353393,-335.413391,-19.663271,-40.657875,1.679883,0.631071,2.824470,-333.498993,76.860558,197.144287,3.311194,-0.983735,1.089895,-176.060135,75.896065,-107.703209
71,0,0.054224,-1.497735,0.352986,-335.419464,-19.661896,-40.660675,1.681095,0.640569,2.825617,-333.506195,76.868721,197.146606,3.311360,-0.983877,1.089926,-176.065369,75.881172,-107.704262
72,0,0.062599,-1.463875,0.343183,-335.693481,-19.745090,-40.959160,1.682225,0.649334,2.826668,-333.518524,76.871971,197.143585,3.311161,-0.983728,1.090068,-176.069778,75.868317,-107.700127
73,0,0.062074,-1.464145,0.342786,-335.709961,-19.744637,-40.958931,1.682240,0.649246,2.826694,-333.528992,76.874611,197.147141,3.311177,-0.983882,1.089867,-176.076721,75.855057,-107.691719
74,0,0.061990,-1.464199,0.342987,-335.718109,-19.740469,-40.955238,1.681560,0.643532,2.826088,-333.534912,76.890404,197.142181,3.311491,-0.983780,1.090088,-176.076157,75.843613,-107.696770
75,0,0.062062,-1.464184,0.343000,-335.725342,-19.743769,-40.947319,1.680753,0.637219,2.825049,-333.551666,76.880470,197.141830,3.311486,-0.984087,1.089761,-176.080444,75.830193,-107.691917
76,0,0.061740,-1.464594,0.342811,-335.744507,-19.740580,-40.942055,1.683115,0.655365,2.827343,-333.564087,76.889847,197.149368,3.311366,-0.984148,1.090228,-176.085617,75.816978,-107.687393
77,0,0.061631,-1.464534,0.342492,-335.755035,-19.735760,-40.937675,1.682787,0.652268,2.826928,-333.574188,76.893158,197.150192,3.311704,-0.984268,1.089791,-176.086319,75.802673,-107.682846
78,0,0.061337,-1.464645,0.342015,-335.766846,-19.734074,-40.937382,1.681575,0.643101,2.825714,-333.592316,76.897095,197.152786,3.311435,-0.984166,1.090026,-176.095215,75.787560,-107.677689
79,0,0.061556,-1.464287,0.342059,-335.772552,-19.730871,-40.931507,1.682149,0.647632,2.826256,-333.615448,76.895111,197.156601,3.311636,-0.984129,1.089980,-176.100006,75.770081,-107.667641
80,0,0.061455,-1.464615,0.341837,-335.794434,-19.737511,-40.925552,1.682424,0.650009,2.826390,-333.626648,76.903824,197.158005,3.311508,-0.984230,1.090116,-176.103714,75.757584,-107.662659
81,0,0.061161,-1.464409,0.342005,-335.812256,-19.743374,-40.918800,1.684171,0.664733,2.828228,-333.642792,76.899673,197.166489,3.311436,-0.984583,1.090217,-176.109100,75.744576,-107.656792
82,0,0.061110,-1.464628,0.341533,-335.822815,-19.739771,-40.911316,1.684484,0.667960,2.828525,-333.669281,76.903107,197.172302,3.311924,-0.984487,1.089961,-176.110092,75.732216,-107.644302
83,0,0.061316,-1.464572,0.341767,-335.839203,-19.738758,-40.907967,1.685878,0.680373,2.829780,-333.687317,76.901253,197.178284,3.311945,-0.984414,1.090190,-176.115265,75.716515,-107.638504
84,0,0.060987,-1.464517,0.341599,-335.853912,-19.742748,-40.900764,1.684379,0.667994,2.828382,-333.703247,76.907494,197.185043,3.311978,-0.984841,1.090261,-176.119659,75.704819,-107.631470
85,0,0.061136,-1.464730,0.341446,-335.867218,-19.746788,-40.894505,1.686482,0.687651,2.830660,-333.724365,76.906853,197.196335,3.312061,-0.984964,1.090306,-176.125214,75.689728,-107.623871
86,0,0.061358,-1.464130,0.341096,-335.882202,-19.750025,-40.890736,1.685250,0.675036,2.828981,-333.752319,76.910568,197.197250,3.312093,-0.985044,1.090170,-176.124191,75.678688,-107.616013
87,0,0.061309,-1.464350,0.341109,-335.884430,-19.756376,-40.880058,1.686033,0.682563,2.829927,-333.778198,76.917397,197.197937,3.312369,-0.985166,1.090287,-176.133804,75.662773,-107.607025
88,0,0.061213,-1.464526,0.341021,-335.903381,-19.753254,-40.878166,1.685706,0.681047,2.829569,-333.800995,76.912987,197.204590,3.312362,-0.985347,1.090387,-176.133881,75.651779,-107.602798
89,0,0.061541,-1.464011,0.341171,-335.908600,-19.745634,-40.880943,1.687636,0.697598,2.831305,-333.826935,76.921570,197.210327,3.312639,-0.985457,1.089900,-176.138885,75.641792,-107.592056
90,0,0.061354,-1.464153,0.340912,-335.920990,-19.748707,-40.879997,1.688599,0.705027,2.831814,-333.848206,76.922379,197.213806,3.312867,-0.985648,1.089738,-176.140488,75.628647,-107.584137
91,0,0.061392,-1.464205,0.340788,-335.927490,-19.753809,-40.879555,1.688118,0.701268,2.831623,-333.875275,76.928848,197.218903,3.312971,-0.985590,1.089875,-176.140152,75.618904,-107.580177
92,0,0.061347,-1.464013,0.340469,-335.933502,-19.754927,-40.881088,1.686916,0.690324,2.830182,-333.899353,76.923843,197.222473,3.313123,-0.985906,1.089856,-176.144943,75.608826,-107.574905
93,0,0.061744,-1.463999,0.340326,-335.942932,-19.760153,-40.880123,1.686109,0.684179,2.829547,-333.924103,76.934303,197.226776,3.313137,-0.986065,1.089948,-176.149261,75.604523,-107.571930
94,0,0.061873,-1.463760,0.340516,-335.946960,-19.758860,-40.877689,1.686655,0.689251,2.830057,-333.940582,76.935089,197.225418,3.313247,-0.986248,1.090035,-176.150177,75.592064,-107.565910
95,0,0.062064,-1.463339,0.340345,-335.953949,-19.748697,-40.883774,1.686277,0.687146,2.829829,-333.963348,76.941513,197.227310,3.313373,-0.986169,1.089618,-176.152252,75.582474,-107.562836
96,0,0.061961,-1.463650,0.340562,-335.948364,-19.746912,-40.885571,1.686611,0.691831,2.830246,-333.988586,76.944191,197.229965,3.313311,-0.986101,1.089998,-176.154633,75.580826,-107.558403
97,0,0.062053,-1.463288,0.340528,-335.950287,-19.750317,-40.889446,1.684137,0.672005,2.828104,-334.009827,76.943581,197.234238,3.313367,-0.986419,1.089965,-176.155594,75.573227,-107.557793
98,0,0.062154,-1.463030,0.340441,-335.953827,-19.740013,-40.894810,1.684506,0.676867,2.828765,-334.024689,76.958672,197.231155,3.313517,-0.986506,1.089506,-176.153244,75.567307,-107.554596
99,0,0.062397,-1.462882,0.340192,-335.948425,-19.740086,-40.901695,1.683551,0.670178,2.827936,-334.040833,76.963326,197.231659,3.313695,-0.986514,1.089335,-176.152283,75.564957,-107.553154
100,0,0.062305,-1.462734,0.340572,-335.946747,-19.734436,-40.905994,1.681154,0.650823,2.825726,-334.057770,76.973961,197.230652,3.313545,-0.986563,1.089432,-176.155426,75.559341,-107.549461
101,0,0.062691,-1.462386,0.340613,-335.939270,-19.729183,-40.915863,1.683804,0.673516,2.828406,-334.078552,76.986786,197.231064,3.313661,-0.986441,1.089286,-176.150970,75.558235,-107.550110
102,0,0.062880,-1.462174,0.340679,-335.926605,-19.723940,-40.919724,1.681259,0.653716,2.826144,-334.110901,76.991058,197.234299,3.313780,-0.986549,1.089189,-176.148758,75.563591,-107.548653
103,0,0.063144,-1.461782,0.340432,-335.917603,-19.721195,-40.933861,1.679089,0.636728,2.823871,-334.132507,77.001266,197.231094,3.313747,-0.986456,1.089447,-176.147537,75.566650,-107.548401
104,0,0.063218,-1.461862,0.340495,-335.906830,-19.719685,-40.937321,1.678967,0.636744,2.823989,-334.163177,77.008095,197.234695,3.313794,-0.986344,1.089584,-176.144821,75.567337,-107.545364
105,0,0.063576,-1.461203,0.340434,-335.888763,-19.714722,-40.947727,1.678593,0.632806,2.823525,-334.190582,77.025253,197.235733,3.313781,-0.986465,1.089646,-176.142456,75.569916,-107.543045
106,0,0.063868,-1.460597,0.340781,-335.875793,-19.713598,-40.949989,1.678115,0.630713,2.823480,-334.222778,77.040146,197.238098,3.313444,-0.986413,1.089588,-176.144302,75.576782,-107.537926
107,0,0.064351,-1.460264,0.340746,-335.860046,-19.706825,-40.956276,1.678318,0.633791,2.823910,-334.245789,77.050957,197.240143,3.313369,-0.986287,1.089490,-176.140198,75.583252,-107.533226
108,0,0.064665,-1.459954,0.340933,-335.828003,-19.706778,-40.962719,1.680335,0.651022,2.825938,-334.279083,77.063210,197.244385,3.313445,-0.986151,1.089680,-176.144287,75.587624,-107.526619
109,0,0.065146,-1.459451,0.341006,-335.803375,-19.719843,-40.963799,1.679133,0.642668,2.825064,-334.305298,77.068504,197.245743,3.313407,-0.986103,1.089604,-176.142426,75.597244,-107.523972
110,0,0.065838,-1.458510,0.341342,-335.784912,-19.718521,-40.974136,1.680190,0.652545,2.826257,-334.338196,77.088264,197.247177,3.313252,-0.986150,1.089896,-176.143646,75.605553,-107.517975
111,0,0.066547,-1.458053,0.341535,-335.743256,-19.725760,-40.977451,1.680902,0.660550,2.827414,-334.362366,77.096878,197.255905,3.312927,-0.986249,1.090317,-176.150253,75.616051,-107.513542
112,0,0.067501,-1.457659,0.341717,-335.712311,-19.732584,-40.985447,1.682909,0.678991,2.829487,-334.394653,77.111519,197.254425,3.312922,-0.985818,1.090156,-176.153320,75.622421,-107.510498
113,0,0.068251,-1.456534,0.342077,-335.673462,-19.749132,-40.989136,1.682432,0.676005,2.829270,-334.418549,77.119896,197.262390,3.312782,-0.985773,1.089957,-176.159088,75.633530,-107.506310
114,0,0.069056,-1.455694,0.342420,-335.635651,-19.764637,-40.986637,1.683378,0.686389,2.830455,-334.452026,77.128952,197.261261,3.312737,-0.985650,1.089950,-176.167786,75.642639,-107.500397
115,0,0.069937,-1.454788,0.342805,-335.596771,-19.776449,-40.998512,1.683155,0.684836,2.830133,-334.480713,77.138298,197.264740,3.312504,-0.985774,1.089528,-176.170334,75.657333,-107.494728
116,0,0.070833,-1.454435,0.342529,-335.563293,-19.798857,-41.000973,1.684645,0.699140,2.831753,-334.515900,77.149513,197.268127,3.312512,-0.985638,1.090092,-176.180740,75.668259,-107.487900
117,0,0.071314,-1.453537,0.342102,-335.523804,-19.812668,-40.999805,1.684127,0.693905,2.831123,-334.550751,77.155540,197.276749,3.312216,-0.985594,1.089785,-176.186661,75.684708,-107.482353
118,0,0.071616,-1.453018,0.341399,-335.493073,-19.821716,-41.009510,1.683706,0.691321,2.830749,-334.587189,77.168846,197.274246,3.312344,-0.985407,1.089645,-176.195480,75.694687,-107.473816
119,0,0.072559,-1.451976,0.340459,-335.458374,-19.836935,-41.020130,1.684737,0.700047,2.831827,-334.619232,77.188416,197.277649,3.312248,-0.985326,1.089594,-176.200531,75.712166,-107.469643
120,0,0.072807,-1.451303,0.339343,-335.431244,-19.859289,-41.027115,1.683367,0.688114,2.830404,-334.653259,77.192184,197.283005,3.312271,-0.985266,1.089481,-176.212891,75.729271,-107.464699
121,0,0.073671,-1.450084,0.337971,-335.402496,-19.877264,-41.034142,1.684515,0.698891,2.831658,-334.692108,77.205864,197.283127,3.312196,-0.985348,1.089621,-176.226028,75.745857,-107.456764
122,0,0.074159,-1.448870,0.337299,-335.375519,-19.898981,-41.053638,1.681192,0.671220,2.828590,-334.722992,77.219795,197.286179,3.311719,-0.985091,1.089340,-176.235214,75.766098,-107.450325
123,0,0.074692,-1.447907,0.336048,-335.358490,-19.922905,-41.069775,1.679150,0.653783,2.826564,-334.766113,77.237862,197.290131,3.311589,-0.985247,1.089007,-176.247375,75.790695,-107.440422
124,0,0.075385,-1.446779,0.334923,-335.336243,-19.951191,-41.084267,1.677460,0.639324,2.824900,-334.800415,77.249596,197.289474,3.311515,-0.985016,1.089010,-176.261459,75.814758,-107.439880
125,0,0.075988,-1.445611,0.333982,-335.308899,-19.980635,-41.109314,1.674646,0.618082,2.822229,-334.835541,77.262695,197.290405,3.311324,-0.984867,1.088733,-176.272568,75.838791,-107.434189
126,0,0.076692,-1.444136,0.333590,-335.270081,-20.012928,-41.123379,1.673873,0.612905,2.821503,-334.869720,77.282692,197.287003,3.311221,-0.984740,1.088568,-176.290726,75.859650,-107.425308
127,0,0.077714,-1.442558,0.333455,-335.231903,-20.040735,-41.146309,1.673947,0.614695,2.821855,-334.895142,77.296761,197.288559,3.311194,-0.984564,1.088647,-176.301727,75.890648,-107.421547
128,0,0.079228,-1.441048,0.333613,-335.192719,-20.074114,-41.166916,1.673365,0.612216,2.821572,-334.923248,77.313301,197.293106,3.310979,-0.984267,1.088409,-176.315384,75.918587,-107.419464
129,0,0.080257,-1.439598,0.333809,-335.145996,-20.108469,-41.180359,1.671842,0.601011,2.820070,-334.938232,77.335449,197.293915,3.311081,-0.984028,1.087956,-176.327072,75.947273,-107.411087
130,0,0.081552,-1.437951,0.333636,-335.088257,-20.144894,-41.195103,1.671499,0.600974,2.820034,-334.966522,77.348022,197.296600,3.310971,-0.983667,1.087785,-176.335739,75.981255,-107.408066
131,0,0.082755,-1.436390,0.333160,-335.041718,-20.184942,-41.208595,1.670452,0.594458,2.819190,-334.990509,77.363747,197.296448,3.310864,-0.983615,1.087472,-176.348404,76.017914,-107.402328
132,0,0.083417,-1.435385,0.332295,-335.000397,-20.208559,-41.222000,1.669115,0.585140,2.818076,-335.011566,77.384422,197.294037,3.310863,-0.983050,1.087331,-176.354340,76.053513,-107.399757
133,0,0.084270,-1.434037,0.330562,-334.947052,-20.248423,-41.229637,1.670638,0.597079,2.819747,-335.034180,77.404129,197.291229,3.310971,-0.982782,1.086802,-176.368942,76.083206,-107.390358
134,0,0.085011,-1.433725,0.329197,-334.893555,-20.283501,-41.239758,1.670478,0.596325,2.819490,-335.059753,77.427338,197.298080,3.310937,-0.982728,1.086554,-176.373947,76.122375,-107.386780
135,0,0.085102,-1.433109,0.327215,-334.837341,-20.319065,-41.246326,1.672702,0.613454,2.821892,-335.076965,77.448524,197.289856,3.311076,-0.982150,1.086342,-176.380310,76.161659,-107.379616
136,0,0.085819,-1.432417,0.326191,-334.786652,-20.354771,-41.248852,1.671457,0.604088,2.820692,-335.094849,77.471535,197.291901,3.311067,-0.982255,1.086077,-176.387726,76.201363,-107.369156
137,0,0.086422,-1.431913,0.325491,-334.740662,-20.395170,-41.256752,1.674630,0.629160,2.823821,-335.122070,77.493713,197.286850,3.310925,-0.981450,1.085322,-176.394531,76.239868,-107.353783
138,0,0.086882,-1.430901,0.324446,-334.693695,-20.427050,-41.263958,1.674082,0.625178,2.823332,-335.149963,77.504463,197.292374,3.310717,-0.981446,1.085392,-176.402710,76.282799,-107.343643
139,0,0.087344,-1.430718,0.324061,-334.642212,-20.466385,-41.273426,1.676631,0.645165,2.825750,-335.169922,77.528839,197.288361,3.310585,-0.981100,1.085274,-176.406143,76.322937,-107.328102
140,0,0.087586,-1.430034,0.324737,-334.582611,-20.514067,-41.273952,1.678278,0.658816,2.827448,-335.194458,77.554314,197.286819,3.310370,-0.980874,1.085099,-176.412567,76.366478,-107.315880
141,0,0.088655,-1.428758,0.324983,-334.511230,-20.550980,-41.276970,1.677338,0.650820,2.826412,-335.212891,77.573936,197.289795,3.310176,-0.980562,1.084441,-176.414764,76.406174,-107.298950
142,0,0.089530,-1.427934,0.324813,-334.435547,-20.587215,-41.269577,1.676542,0.644312,2.825759,-335.227600,77.596626,197.289734,3.310126,-0.980063,1.084641,-176.413971,76.451401,-107.283653
143,0,0.090374,-1.427130,0.324982,-334.358826,-20.627695,-41.255077,1.676072,0.640156,2.825174,-335.242737,77.615730,197.296143,3.309926,-0.979744,1.084208,-176.420319,76.493195,-107.260674
144,0,0.091294,-1.425718,0.324648,-334.294312,-20.665073,-41.251354,1.677853,0.655375,2.826870,-335.261993,77.625671,197.302765,3.309567,-0.979412,1.083872,-176.421249,76.540535,-107.236092
145,0,0.092090,-1.424437,0.322665,-334.227722,-20.698280,-41.237381,1.675545,0.635173,2.824517,-335.279541,77.647743,197.308487,3.309215,-0.978924,1.083570,-176.422424,76.585938,-107.202972
146,0,0.092916,-1.423198,0.321805,-334.172089,-20.736866,-41.233734,1.675228,0.632239,2.824195,-335.290009,77.676544,197.309021,3.309161,-0.978706,1.083192,-176.426056,76.625023,-107.171364
147,0,0.094190,-1.421567,0.320585,-334.129578,-20.784294,-41.204372,1.675475,0.634371,2.824313,-335.302246,77.684822,197.319839,3.309276,-0.978048,1.082641,-176.435364,76.673347,-107.134155
148,0,0.094481,-1.420797,0.319324,-334.082855,-20.827730,-41.201847,1.672403,0.608381,2.821123,-335.309021,77.715179,197.331253,3.309002,-0.977366,1.082067,-176.434158,76.718170,-107.099533
149,0,0.095665,-1.419601,0.318822,-334.039246,-20.869602,-41.183128,1.673596,0.618172,2.822381,-335.326385,77.721382,197.344482,3.309342,-0.977153,1.081645,-176.442139,76.765381,-107.059258
150,0,0.096019,-1.419041,0.318305,-333.990784,-20.930307,-41.162220,1.671723,0.603999,2.820642,-335.335205,77.743103,197.351822,3.309303,-0.976444,1.081295,-176.445328,76.808769,-107.017761
151,0,0.096973,-1.417521,0.318080,-333.916351,-20.972391,-41.142365,1.672939,0.611776,2.821646,-335.343414,77.755836,197.365967,3.309544,-0.976145,1.080629,-176.448196,76.850540,-106.984245
152,0,0.098554,-1.416155,0.317686,-333.845276,-21.027119,-41.111908,1.672584,0.607983,2.821174,-335.349457,77.767052,197.380997,3.309695,-0.975480,1.080331,-176.446442,76.897728,-106.954292
153,0,0.099770,-1.414822,0.317830,-333.761536,-21.088942,-41.066574,1.674730,0.623610,2.823273,-335.343842,77.779549,197.392532,3.309750,-0.975178,1.079315,-176.447800,76.933136,-106.914116
154,0,0.101014,-1.413658,0.317923,-333.696411,-21.159342,-41.027412,1.670514,0.590105,2.819025,-335.337616,77.795403,197.408356,3.309721,-0.974686,1.078198,-176.439529,76.980904,-106.873093
155,0,0.101954,-1.412705,0.316936,-333.635590,-21.214611,-40.994835,1.669459,0.581676,2.817729,-335.345306,77.797447,197.421036,3.309925,-0.974466,1.078038,-176.431854,77.021477,-106.832458
156,0,0.102275,-1.412517,0.316722,-333.577271,-21.282112,-40.964897,1.672171,0.600159,2.820145,-335.342010,77.812531,197.433533,3.309917,-0.974170,1.076829,-176.429123,77.069542,-106.787338
157,0,0.102127,-1.413068,0.315751,-333.506744,-21.344347,-40.920994,1.670391,0.585993,2.818294,-335.333313,77.816109,197.453445,3.310068,-0.974137,1.075958,-176.422150,77.108772,-106.739510
158,0,0.102168,-1.413908,0.314482,-333.426849,-21.399963,-40.868393,1.670224,0.581624,2.817559,-335.327576,77.829201,197.459167,3.310088,-0.973878,1.074720,-176.415710,77.151314,-106.686409
159,0,0.102326,-1.414602,0.313836,-333.375977,-21.475134,-40.808987,1.670635,0.581704,2.817550,-335.314606,77.843170,197.476593,3.310060,-0.973240,1.073217,-176.405716,77.192284,-106.632385
160,0,0.102704,-1.414294,0.312835,-333.326385,-21.541603,-40.754524,1.669364,0.568788,2.815813,-335.299988,77.861351,197.484314,3.309964,-0.972885,1.072235,-176.389542,77.237640,-106.581306
161,0,0.103977,-1.412602,0.311583,-333.274139,-21.612291,-40.696758,1.670193,0.571857,2.816402,-335.279419,77.878624,197.494141,3.310168,-0.972157,1.071324,-176.366867,77.284866,-106.524574
162,0,0.105454,-1.410974,0.311955,-333.215576,-21.680887,-40.633575,1.669808,0.565588,2.815239,-335.256805,77.882881,197.508896,3.310438,-0.971495,1.070364,-176.350952,77.328217,-106.463852
163,0,0.106442,-1.409757,0.311726,-333.160858,-21.755028,-40.580193,1.667486,0.543804,2.812015,-335.234222,77.910454,197.511642,3.310874,-0.971310,1.069112,-176.340820,77.371178,-106.403282
164,0,0.107580,-1.409862,0.312326,-333.109802,-21.823715,-40.523884,1.671484,0.566725,2.815391,-335.209717,77.926941,197.516327,3.311187,-0.971294,1.068288,-176.321518,77.418961,-106.349831
165,0,0.108280,-1.410613,0.312212,-333.052917,-21.895180,-40.447510,1.672843,0.570922,2.816011,-335.183563,77.951744,197.519699,3.311474,-0.970554,1.067704,-176.302002,77.457321,-106.292343
166,0,0.108886,-1.410669,0.311794,-332.983398,-21.960876,-40.359512,1.674019,0.573246,2.816273,-335.156677,77.969963,197.531708,3.311571,-0.970455,1.067747,-176.289444,77.498222,-106.245628
167,0,0.109031,-1.411271,0.311149,-332.910370,-22.028866,-40.272144,1.676944,0.588498,2.818198,-335.123016,77.995056,197.535660,3.312294,-0.970088,1.066800,-176.268036,77.535774,-106.194160
168,0,0.109078,-1.411681,0.310299,-332.854126,-22.089479,-40.194935,1.676512,0.578090,2.816700,-335.090363,78.023346,197.536041,3.312482,-0.969408,1.066439,-176.247620,77.577591,-106.144226
169,0,0.108297,-1.412043,0.309995,-332.838562,-22.500322,-40.139290,1.676124,0.568413,2.815234,-335.050995,78.064255,197.532700,3.312721,-0.969571,1.065229,-176.228043,77.616608,-106.091087
170,0,0.108062,-1.413497,0.309342,-332.793304,-22.561932,-40.044819,1.678244,0.576548,2.816249,-335.007935,78.094658,197.537750,3.313244,-0.969585,1.063518,-176.195801,77.658630,-106.030281
171,0,0.108423,-1.413847,0.309367,-332.742401,-22.619568,-39.954914,1.675633,0.549424,2.812167,-334.973206,78.134125,197.543213,3.313689,-0.969797,1.061915,-176.175659,77.703369,-105.959427
172,0,0.108777,-1.414200,0.309260,-332.694946,-22.677307,-39.860794,1.680517,0.574836,2.815606,-334.923462,78.183685,197.541718,3.313771,-0.969674,1.061057,-176.143250,77.750984,-105.891167
173,0,0.109040,-1.414730,0.309012,-332.639526,-22.731236,-39.754406,1.680522,0.567312,2.814079,-334.888947,78.215363,197.548172,3.314097,-0.969482,1.059247,-176.119720,77.791130,-105.818504
174,0,0.109182,-1.415385,0.309567,-332.566040,-22.773123,-39.636105,1.681673,0.566775,2.813776,-334.846527,78.273514,197.544617,3.314386,-0.969270,1.057430,-176.093109,77.830254,-105.742058
175,0,0.110243,-1.414010,0.310594,-332.505615,-22.824873,-39.528141,1.685660,0.587469,2.816479,-334.793243,78.325020,197.546036,3.315281,-0.969380,1.056570,-176.071625,77.873322,-105.662117
176,0,0.111447,-1.412512,0.311490,-332.451416,-22.875711,-39.420746,1.688873,0.603156,2.818354,-334.755615,78.366570,197.552429,3.316014,-0.968985,1.055629,-176.055695,77.914024,-105.584106
177,0,0.111838,-1.412811,0.312029,-332.397644,-22.927654,-39.310440,1.690059,0.603634,2.818089,-334.705627,78.419113,197.550781,3.316116,-0.968504,1.055685,-176.040848,77.949791,-105.507538
178,0,0.111974,-1.414401,0.312093,-332.343231,-22.977139,-39.198845,1.688810,0.584179,2.815230,-334.657745,78.483315,197.547058,3.316546,-0.968590,1.055894,-176.024948,77.987122,-105.429901
179,0,0.112511,-1.415091,0.312338,-332.281372,-23.031918,-39.078842,1.693009,0.606045,2.818093,-334.604767,78.536240,197.558670,3.317260,-0.968270,1.055614,-176.003845,78.022118,-105.355492
180,0,0.112262,-1.416119,0.312455,-332.210815,-23.073189,-38.959190,1.692600,0.593758,2.815975,-334.558960,78.593842,197.566772,3.318274,-0.968658,1.054070,-175.985489,78.051842,-105.270317
181,0,0.112072,-1.417375,0.312036,-332.154236,-23.123428,-38.831013,1.695554,0.606454,2.817555,-334.515350,78.658363,197.572968,3.319016,-0.968772,1.052662,-175.971039,78.091835,-105.176865
182,0,0.112803,-1.417749,0.311761,-332.105927,-23.173798,-38.708519,1.696852,0.606772,2.817252,-334.469818,78.725639,197.582367,3.319479,-0.968794,1.051594,-175.943375,78.124023,-105.083328
183,0,0.112177,-1.419683,0.312736,-332.016846,-23.218067,-38.566154,1.697713,0.603815,2.816574,-334.423950,78.798820,197.589767,3.320010,-0.968769,1.049336,-175.925034,78.154175,-104.981216
184,0,0.112401,-1.420402,0.313709,-331.939056,-23.265039,-38.418655,1.698491,0.600915,2.815950,-334.377319,78.870209,197.596069,3.320780,-0.968335,1.048220,-175.901993,78.182747,-104.875839
185,0,0.113668,-1.416843,0.315108,-331.864899,-23.304707,-38.285431,1.700962,0.610807,2.817007,-334.336060,78.936363,197.604004,3.321266,-0.967980,1.047535,-175.883179,78.202599,-104.774323
186,0,0.114881,-1.415523,0.316324,-331.797089,-23.354475,-38.149418,1.698486,0.583797,2.812871,-334.279388,79.006233,197.623505,3.321195,-0.967411,1.047969,-175.865753,78.233231,-104.671440
187,0,0.115332,-1.416950,0.317378,-331.710175,-23.415447,-38.011513,1.698685,0.578442,2.811889,-334.229645,79.087296,197.638824,3.321769,-0.966849,1.048201,-175.838043,78.251793,-104.572311
188,0,0.115945,-1.418303,0.318927,-331.623352,-23.472559,-37.867943,1.700294,0.584455,2.812478,-334.175598,79.159485,197.660965,3.322796,-0.966710,1.047240,-175.821014,78.269165,-104.462158
189,0,0.116129,-1.418479,0.319827,-331.540039,-23.521158,-37.723709,1.699018,0.567591,2.809954,-334.121277,79.241081,197.680954,3.324037,-0.966650,1.046363,-175.791107,78.277405,-104.353210
190,0,0.115867,-1.419555,0.319191,-331.464600,-23.564400,-37.584820,1.704042,0.598384,2.814079,-334.061554,79.328957,197.695435,3.325101,-0.966403,1.044863,-175.764633,78.283806,-104.237572
191,0,0.116300,-1.420661,0.319721,-331.360413,-23.611202,-37.426071,1.700900,0.567571,2.809104,-334.014679,79.406975,197.719543,3.326231,-0.966078,1.044227,-175.733109,78.286560,-104.122612
192,0,0.116074,-1.421049,0.321722,-331.248871,-23.665989,-37.271812,1.701814,0.570440,2.809529,-333.957886,79.491234,197.737488,3.327832,-0.965485,1.042252,-175.697769,78.280670,-104.004852
193,0,0.117022,-1.418402,0.323871,-331.152405,-23.715242,-37.129833,1.701468,0.562283,2.808187,-333.914581,79.584450,197.752197,3.328842,-0.965164,1.041408,-175.654449,78.273796,-103.881386
194,0,0.118002,-1.417857,0.324928,-331.033295,-23.765085,-36.983284,1.706312,0.591010,2.812254,-333.867340,79.672462,197.765549,3.330692,-0.964384,1.040357,-175.612625,78.261528,-103.754120
195,0,0.118315,-1.418870,0.325115,-330.919006,-23.814539,-36.840034,1.708503,0.600851,2.813398,-333.818329,79.756065,197.776337,3.332427,-0.963819,1.039344,-175.557785,78.254272,-103.627663
196,0,0.118052,-1.418925,0.326265,-330.808655,-23.874535,-36.689163,1.708905,0.595990,2.812436,-333.775024,79.846375,197.782471,3.334615,-0.963380,1.039143,-175.487457,78.244812,-103.505936
197,0,0.117770,-1.420164,0.326382,-330.720398,-23.921856,-36.553120,1.714027,0.628580,2.816547,-333.722595,79.936188,197.793823,3.337494,-0.962696,1.038556,-175.431900,78.231277,-103.381897
198,0,0.117741,-1.421617,0.327077,-330.603577,-23.982412,-36.393379,1.718942,0.659486,2.819964,-333.676575,80.017426,197.798370,3.340716,-0.962496,1.035716,-175.363113,78.216377,-103.241020
199,0,0.117860,-1.420963,0.328833,-330.447998,-24.034222,-36.232559,1.723530,0.689035,2.823231,-333.628662,80.120560,197.800598,3.344405,-0.962327,1.033001,-175.286453,78.205261,-103.108185
200,0,0.119706,-1.417667,0.330919,-330.320862,-24.093210,-36.088928,1.727215,0.713512,2.825482,-333.578094,80.221931,197.806488,3.347842,-0.962677,1.029637,-175.208008,78.193176,-102.957321
201,0,0.120349,-1.418679,0.331631,-330.205017,-24.142723,-35.948410,1.728655,0.717767,2.825337,-333.542480,80.318398,197.813889,3.350300,-0.962388,1.028931,-175.126617,78.188820,-102.818275
202,0,0.120065,-1.420333,0.331950,-330.072601,-24.211571,-35.789627,1.730374,0.723472,2.825686,-333.484833,80.417442,197.811310,3.353362,-0.961791,1.027158,-175.044495,78.173866,-102.665421
203,0,0.119943,-1.421181,0.330874,-329.944763,-24.264002,-35.652191,1.728373,0.699255,2.822831,-333.437653,80.516106,197.824142,3.356054,-0.961689,1.025059,-174.958679,78.176468,-102.504539
204,0,0.119796,-1.422030,0.330896,-329.819580,-24.337734,-35.502205,1.730946,0.713819,2.824180,-333.392761,80.625290,197.821869,3.359213,-0.960852,1.022361,-174.854950,78.175034,-102.334282
205,0,0.119947,-1.423463,0.333794,-329.637451,-24.403187,-35.331539,1.733713,0.729753,2.825375,-333.334412,80.724495,197.833084,3.362976,-0.961016,1.018799,-174.754135,78.179733,-102.162918
206,0,0.121620,-1.419590,0.335120,-329.493591,-24.464214,-35.188438,1.730901,0.699448,2.822023,-333.287842,80.822281,197.844101,3.366215,-0.959540,1.017285,-174.646515,78.178047,-102.005386
207,0,0.122463,-1.420291,0.335409,-329.343658,-24.522211,-35.021278,1.729666,0.683881,2.820062,-333.231476,80.929970,197.859451,3.369926,-0.958880,1.014251,-174.525314,78.188194,-101.836960
208,0,0.121525,-1.422454,0.336002,-329.208557,-24.585014,-34.860268,1.728137,0.663846,2.817434,-333.177246,81.035576,197.866669,3.372802,-0.958060,1.011938,-174.405838,78.203773,-101.659363
209,0,0.121237,-1.423342,0.335555,-329.055054,-24.647364,-34.710438,1.725517,0.635972,2.813539,-333.121216,81.140129,197.878601,3.374876,-0.957381,1.011344,-174.274185,78.232605,-101.475372
210,0,0.121800,-1.426040,0.336337,-328.858154,-24.716015,-34.553158,1.725277,0.628566,2.812677,-333.081604,81.256783,197.887909,3.376623,-0.955826,1.009145,-174.139206,78.261917,-101.276779
211,0,0.123564,-1.423647,0.339615,-328.674988,-24.783484,-34.383514,1.725008,0.619838,2.810889,-333.034302,81.346565,197.898453,3.378858,-0.955204,1.006954,-173.999725,78.290115,-101.088722
212,0,0.123768,-1.423268,0.339334,-328.537415,-24.849195,-34.240517,1.727998,0.637227,2.813181,-332.996429,81.456520,197.908569,3.381069,-0.953270,1.005739,-173.862701,78.316437,-100.901009
213,0,0.123142,-1.426212,0.339095,-328.373199,-24.905838,-34.045441,1.732107,0.664538,2.816401,-332.956421,81.557510,197.914429,3.384299,-0.951888,1.002858,-173.708725,78.352997,-100.698410
214,0,0.123534,-1.425660,0.341021,-328.201569,-24.979834,-33.857742,1.736972,0.697720,2.820216,-332.920563,81.652351,197.931030,3.386743,-0.950049,1.000795,-173.558868,78.401299,-100.466263
215,0,0.123657,-1.427628,0.342426,-327.977509,-25.047409,-33.677124,1.738477,0.707404,2.821409,-332.887634,81.769051,197.942520,3.388408,-0.946993,0.999102,-173.419083,78.439476,-100.244904
216,0,0.124601,-1.427104,0.343204,-327.801727,-25.113045,-33.507236,1.742631,0.736260,2.824246,-332.849518,81.867493,197.953903,3.390872,-0.946058,0.996338,-173.260269,78.494019,-100.034889
217,0,0.124112,-1.428749,0.342975,-327.649536,-25.175623,-33.342335,1.745157,0.756509,2.826280,-332.820740,81.968086,197.974213,3.393237,-0.944580,0.995281,-173.093979,78.543518,-99.811584
218,0,0.124073,-1.430021,0.344353,-327.469513,-25.240469,-33.158173,1.747377,0.768905,2.827019,-332.779968,82.058105,197.990219,3.394881,-0.941768,0.992807,-172.901047,78.597305,-99.564911
219,0,0.125023,-1.428724,0.346154,-327.256317,-25.308187,-32.949287,1.747458,0.761482,2.826328,-332.741425,82.169594,198.000626,3.396411,-0.939754,0.990845,-172.705292,78.651276,-99.339928
220,0,0.125059,-1.431165,0.347622,-327.043732,-25.369854,-32.738144,1.747963,0.763291,2.826229,-332.714539,82.261261,198.025894,3.398794,-0.938387,0.988634,-172.526581,78.714218,-99.095528
221,0,0.125483,-1.430344,0.347661,-326.868317,-25.442219,-32.550770,1.748311,0.758115,2.825534,-332.673157,82.367470,198.045074,3.400995,-0.937491,0.985776,-172.343353,78.778717,-98.832848
222,0,0.124562,-1.434132,0.348089,-326.681580,-25.505445,-32.355377,1.749516,0.765279,2.826040,-332.646423,82.461182,198.071106,3.402642,-0.934130,0.984835,-172.145752,78.840141,-98.567558
223,0,0.125529,-1.433387,0.350877,-326.460968,-25.570709,-32.155159,1.749966,0.764857,2.825854,-332.613312,82.557007,198.099121,3.406219,-0.931767,0.981167,-171.932678,78.907562,-98.320938
224,0,0.126095,-1.434637,0.353248,-326.224731,-25.636131,-31.931162,1.749981,0.758923,2.825153,-332.589111,82.656303,198.125595,3.408615,-0.930476,0.979104,-171.720810,78.975838,-98.056435
225,0,0.125779,-1.434624,0.352816,-326.031494,-25.692389,-31.731707,1.749342,0.746966,2.823834,-332.565338,82.745094,198.154816,3.408886,-0.928696,0.976939,-171.485672,79.053619,-97.771210
226,0,0.125106,-1.438291,0.352514,-325.811981,-25.752960,-31.516459,1.751987,0.766042,2.825593,-332.554688,82.859856,198.177719,3.411071,-0.927251,0.974891,-171.261368,79.131828,-97.513794
227,0,0.126777,-1.438121,0.354953,-325.583862,-25.812525,-31.323254,1.750032,0.742105,2.823210,-332.538147,82.957352,198.203491,3.414859,-0.924876,0.970906,-171.020187,79.201569,-97.227264
228,0,0.128010,-1.439235,0.357283,-325.351532,-25.865622,-31.112116,1.749629,0.734162,2.822159,-332.517181,83.046860,198.227585,3.416126,-0.922095,0.970277,-170.780487,79.289879,-96.932007
229,0,0.126501,-1.440347,0.357217,-325.123169,-25.920267,-30.898964,1.750391,0.733516,2.821942,-332.498657,83.150711,198.254364,3.417976,-0.920085,0.967564,-170.548920,79.369438,-96.647896
230,0,0.126877,-1.441036,0.359602,-324.863098,-25.966463,-30.679348,1.752120,0.745703,2.823130,-332.477692,83.247414,198.280136,3.420376,-0.918582,0.964934,-170.299011,79.458534,-96.361153
231,0,0.128925,-1.441491,0.360235,-324.617249,-26.018961,-30.468153,1.753335,0.757193,2.824148,-332.455963,83.338058,198.305084,3.421017,-0.915358,0.963801,-170.021866,79.549950,-96.064087
232,0,0.128913,-1.444064,0.361413,-324.396271,-26.064503,-30.254202,1.756901,0.791727,2.827501,-332.419342,83.441177,198.339523,3.424003,-0.913550,0.958661,-169.762543,79.646660,-95.769791
233,0,0.128326,-1.446180,0.362619,-324.127960,-26.110949,-30.034185,1.758871,0.812576,2.829253,-332.388977,83.537300,198.369125,3.425251,-0.911466,0.957616,-169.504410,79.753708,-95.458664
234,0,0.129639,-1.443744,0.365706,-323.849884,-26.151731,-29.806622,1.761068,0.833345,2.831016,-332.366943,83.631897,198.405350,3.427468,-0.907714,0.954990,-169.245453,79.856407,-95.143852
235,0,0.129083,-1.446284,0.365889,-323.579773,-26.180086,-29.581560,1.763380,0.858503,2.832755,-332.341949,83.735497,198.444260,3.429970,-0.904539,0.952936,-168.982834,79.958946,-94.846161
236,0,0.129102,-1.449643,0.365870,-323.349915,-26.224482,-29.375998,1.763189,0.853272,2.832577,-332.342194,83.834511,198.483643,3.430062,-0.901052,0.950619,-168.694138,80.075867,-94.503136
237,0,0.129717,-1.449060,0.369002,-323.032806,-26.272978,-29.149281,1.764277,0.862812,2.833275,-332.330444,83.939232,198.519501,3.431078,-0.899138,0.949198,-168.418015,80.189064,-94.215660
238,0,0.130811,-1.449417,0.371030,-322.758423,-26.302259,-28.922651,1.762171,0.839986,2.831831,-332.321167,84.033379,198.560898,3.432134,-0.895971,0.949985,-168.116409,80.313782,-93.884750
239,0,0.129915,-1.451521,0.369847,-322.502075,-26.330444,-28.699526,1.760420,0.817386,2.829946,-332.303070,84.134995,198.598679,3.433387,-0.892054,0.947489,-167.827347,80.438057,-93.546135
240,0,0.131616,-1.453491,0.373442,-322.181061,-26.372061,-28.464516,1.757062,0.783359,2.827136,-332.291473,84.236618,198.624420,3.434488,-0.890177,0.948187,-167.560226,80.575035,-93.214828
241,0,0.132074,-1.453743,0.373548,-321.887939,-26.401026,-28.255085,1.755869,0.771396,2.826008,-332.286072,84.329628,198.659439,3.435174,-0.887160,0.945014,-167.259415,80.707382,-92.847664
242,0,0.130971,-1.455327,0.375855,-321.604095,-26.437969,-28.019218,1.758632,0.797283,2.828331,-332.283386,84.424362,198.692108,3.436267,-0.884034,0.946591,-166.933380,80.840904,-92.529716
243,0,0.132760,-1.456938,0.377967,-321.269440,-26.465351,-27.772137,1.760242,0.812682,2.829543,-332.281158,84.519287,198.713364,3.436241,-0.880780,0.946023,-166.624268,80.989059,-92.151665
244,0,0.132533,-1.458239,0.377914,-320.979004,-26.492153,-27.568451,1.762724,0.837572,2.831585,-332.274689,84.614189,198.743332,3.437096,-0.878193,0.945945,-166.327011,81.125771,-91.793121
245,0,0.131922,-1.459929,0.378676,-320.662079,-26.523163,-27.334856,1.765672,0.875293,2.834501,-332.279724,84.714867,198.788101,3.438212,-0.873764,0.944799,-166.013977,81.271530,-91.398834
246,0,0.133278,-1.460677,0.383472,-320.317627,-26.544893,-27.082663,1.767677,0.902039,2.836350,-332.288940,84.817352,198.838074,3.439163,-0.871092,0.944932,-165.696426,81.414307,-91.029846
247,0,0.132396,-1.462536,0.382522,-320.009369,-26.571156,-26.850986,1.765286,0.874326,2.834728,-332.306152,84.897995,198.890732,3.438461,-0.868115,0.945219,-165.347549,81.572975,-90.630836
248,0,0.132500,-1.463961,0.383318,-319.677094,-26.592403,-26.627506,1.761657,0.836443,2.832398,-332.307098,84.991280,198.938446,3.439746,-0.864798,0.945263,-164.993286,81.722328,-90.246635
249,0,0.134341,-1.464586,0.386471,-319.334412,-26.619406,-26.384428,1.760834,0.829411,2.832094,-332.308075,85.085571,198.987259,3.440047,-0.860718,0.944570,-164.672150,81.865860,-89.827171
250,0,0.132459,-1.467097,0.387679,-319.005554,-26.636139,-26.140619,1.758652,0.809652,2.830554,-332.310638,85.169296,199.041870,3.440943,-0.858162,0.944899,-164.341003,82.017746,-89.409042
251,0,0.134644,-1.467318,0.388550,-318.647614,-26.671394,-25.904081,1.758164,0.812675,2.831134,-332.310944,85.260605,199.101074,3.441059,-0.854515,0.944157,-163.961349,82.171913,-88.985001
252,0,0.134842,-1.469507,0.389502,-318.313354,-26.688610,-25.659836,1.756456,0.796158,2.829961,-332.318207,85.358269,199.149063,3.441346,-0.851675,0.946209,-163.588318,82.334869,-88.553368
253,0,0.133885,-1.471900,0.392812,-317.940887,-26.708858,-25.396696,1.755684,0.792880,2.830171,-332.333801,85.448006,199.213348,3.442443,-0.847557,0.945008,-163.239944,82.474640,-88.111115
254,0,0.135318,-1.471556,0.394483,-317.572723,-26.726625,-25.136002,1.754165,0.784653,2.830100,-332.356049,85.536880,199.275192,3.443219,-0.843581,0.946259,-162.861176,82.634224,-87.654243
255,0,0.134401,-1.475474,0.393308,-317.248932,-26.746464,-24.883057,1.756189,0.810848,2.832633,-332.371094,85.630798,199.340012,3.442333,-0.842217,0.947048,-162.479141,82.799934,-87.208138
256,0,0.136477,-1.473822,0.397445,-316.879120,-26.769892,-24.614691,1.756340,0.818491,2.833552,-332.389557,85.712379,199.392960,3.442555,-0.838260,0.946998,-162.077850,82.958725,-86.743774
257,0,0.135396,-1.476783,0.398181,-316.493439,-26.776043,-24.348539,1.759291,0.855780,2.836560,-332.405457,85.799423,199.446823,3.444659,-0.834273,0.948760,-161.692902,83.114777,-86.279572
258,0,0.135544,-1.481404,0.399083,-316.117432,-26.797140,-24.087927,1.758795,0.858023,2.836907,-332.424011,85.882225,199.503311,3.444461,-0.831633,0.946886,-161.290924,83.273766,-85.793556
259,0,0.136798,-1.480990,0.400760,-315.737854,-26.823271,-23.829632,1.758836,0.866839,2.837804,-332.439941,85.968132,199.569229,3.445256,-0.828518,0.947513,-160.869720,83.433083,-85.298691
260,0,0.136082,-1.481943,0.402560,-315.350800,-26.833754,-23.557877,1.756016,0.838022,2.835950,-332.468414,86.054878,199.628601,3.445366,-0.824706,0.950836,-160.480804,83.592720,-84.806534
261,0,0.138029,-1.482293,0.406036,-314.956818,-26.854534,-23.293575,1.753550,0.819425,2.834971,-332.493896,86.154396,199.703949,3.446084,-0.821694,0.949280,-160.051727,83.754356,-84.303406
262,0,0.135378,-1.488296,0.404337,-314.571320,-26.860655,-23.034883,1.752168,0.815072,2.835404,-332.515289,86.249718,199.776520,3.445810,-0.818515,0.952022,-159.617218,83.917442,-83.810898
263,0,0.137044,-1.486878,0.408863,-314.143677,-26.871880,-22.735783,1.753091,0.842076,2.838429,-332.528046,86.354874,199.854340,3.446411,-0.814548,0.954091,-159.202911,84.087402,-83.285500
264,0,0.135205,-1.491144,0.408325,-313.751678,-26.886511,-22.475201,1.753953,0.864986,2.840293,-332.544861,86.441399,199.920258,3.448114,-0.810266,0.951846,-158.756607,84.241089,-82.755066
265,0,0.136724,-1.491038,0.411283,-313.322205,-26.893091,-22.202477,1.756070,0.900493,2.842798,-332.554077,86.527069,199.977249,3.446904,-0.808184,0.956033,-158.319290,84.410500,-82.247978
266,0,0.136243,-1.493774,0.412431,-312.928711,-26.903053,-21.917290,1.757122,0.924782,2.844552,-332.594269,86.624092,200.031784,3.447836,-0.804011,0.957308,-157.866196,84.571846,-81.687584
267,0,0.136419,-1.495379,0.412130,-312.522766,-26.905893,-21.663303,1.756029,0.922230,2.844748,-332.634094,86.712769,200.099243,3.448608,-0.799953,0.957289,-157.427353,84.729759,-81.146187
268,0,0.137430,-1.497653,0.413853,-312.099457,-26.918690,-21.380466,1.752725,0.890858,2.843657,-332.666656,86.811646,200.158920,3.448694,-0.797272,0.959785,-156.962677,84.902702,-80.619759
269,0,0.136896,-1.498885,0.415715,-311.679108,-26.918484,-21.102646,1.750636,0.878787,2.843612,-332.680359,86.908585,200.223389,3.448820,-0.793869,0.962364,-156.496613,85.077080,-80.052284
270,0,0.136707,-1.501360,0.418298,-311.217621,-26.922749,-20.806274,1.748269,0.867617,2.843825,-332.690460,87.012512,200.293488,3.449567,-0.788698,0.964189,-156.030380,85.235634,-79.491196
271,0,0.136050,-1.505378,0.417412,-310.803772,-26.919447,-20.529406,1.746248,0.863873,2.844567,-332.714844,87.102959,200.378922,3.449934,-0.785878,0.963757,-155.547684,85.403595,-78.922539
272,0,0.136621,-1.505406,0.420798,-310.327667,-26.922981,-20.249926,1.746098,0.879422,2.846296,-332.737885,87.220734,200.459427,3.450666,-0.782390,0.966909,-155.070724,85.570335,-78.354370
273,0,0.135075,-1.510598,0.422095,-309.906616,-26.934086,-19.967123,1.742674,0.848830,2.845203,-332.784271,87.314178,200.535446,3.450199,-0.777501,0.971196,-154.589462,85.740723,-77.778786
274,0,0.136672,-1.511431,0.423320,-309.413361,-26.935545,-19.688160,1.743359,0.863405,2.846634,-332.815552,87.420563,200.583237,3.449433,-0.774793,0.972557,-154.087540,85.915741,-77.174156
275,0,0.135599,-1.513289,0.424129,-308.986938,-26.923735,-19.403843,1.741254,0.848922,2.846013,-332.849396,87.504921,200.633743,3.451488,-0.770777,0.974257,-153.606796,86.081879,-76.597336
276,0,0.136431,-1.514768,0.427604,-308.487335,-26.918264,-19.105400,1.743534,0.890418,2.848909,-332.857330,87.597015,200.690323,3.451324,-0.767357,0.976752,-153.114273,86.251129,-76.010460
277,0,0.135729,-1.518398,0.425996,-308.072937,-26.918261,-18.828161,1.743922,0.915708,2.850884,-332.869476,87.694939,200.761444,3.450803,-0.763886,0.979735,-152.592331,86.428719,-75.381447
278,0,0.136336,-1.519120,0.430286,-307.558105,-26.906055,-18.497969,1.744467,0.945898,2.853281,-332.886230,87.809258,200.842758,3.451028,-0.758919,0.982852,-152.102707,86.601196,-74.761551
279,0,0.135621,-1.521733,0.428755,-307.131409,-26.893713,-18.228987,1.742035,0.930904,2.853819,-332.920258,87.912964,200.936325,3.451421,-0.756207,0.985201,-151.577942,86.776817,-74.161469
280,0,0.137084,-1.525121,0.431309,-306.605774,-26.882795,-17.918602,1.738024,0.897180,2.853195,-332.940918,88.013382,201.024338,3.452164,-0.753732,0.987458,-151.071991,86.951469,-73.537773
281,0,0.135840,-1.525281,0.432498,-306.148254,-26.873487,-17.627302,1.734623,0.865082,2.851850,-332.974304,88.119720,201.080887,3.451622,-0.749293,0.990577,-150.559433,87.125099,-72.905518
282,0,0.135824,-1.529544,0.435201,-305.628967,-26.868593,-17.316742,1.733734,0.864078,2.852240,-332.999420,88.219383,201.137115,3.450712,-0.745563,0.994934,-150.021317,87.308922,-72.263260
283,0,0.135837,-1.532028,0.434067,-305.164520,-26.842390,-17.022840,1.735143,0.895548,2.854774,-333.034912,88.316383,201.200455,3.451747,-0.741045,0.997747,-149.512863,87.485451,-71.609612
284,0,0.135216,-1.533161,0.437852,-304.639099,-26.836807,-16.691387,1.733266,0.891388,2.855541,-333.085449,88.414230,201.277405,3.451403,-0.739038,1.001340,-148.972412,87.662224,-70.966248
285,0,0.135695,-1.535879,0.437918,-304.146545,-26.805332,-16.388182,1.730569,0.875566,2.855913,-333.125671,88.523087,201.366013,3.451046,-0.736166,1.004918,-148.445038,87.838829,-70.313385
286,0,0.135474,-1.538185,0.439285,-303.638519,-26.786827,-16.071150,1.728866,0.875724,2.856958,-333.148407,88.615852,201.444473,3.451419,-0.731782,1.007036,-147.904297,88.016014,-69.650383
287,0,0.136255,-1.541285,0.441299,-303.106903,-26.766996,-15.748325,1.728864,0.900605,2.859223,-333.157623,88.714485,201.528702,3.450881,-0.729469,1.011048,-147.365005,88.201149,-68.979973
288,0,0.135925,-1.544523,0.440232,-302.633942,-26.735512,-15.441665,1.724513,0.862350,2.858052,-333.176483,88.809189,201.614899,3.451249,-0.724901,1.014037,-146.821945,88.377625,-68.301819
289,0,0.135492,-1.547488,0.445091,-302.051422,-26.716902,-15.087323,1.720012,0.820579,2.856112,-333.214966,88.914032,201.694031,3.449768,-0.722648,1.019265,-146.283081,88.564339,-67.621819
290,0,0.134878,-1.549841,0.443901,-301.606415,-26.687813,-14.785740,1.716127,0.790672,2.854888,-333.258636,89.019348,201.781708,3.450547,-0.719371,1.024079,-145.725418,88.749084,-66.944557
291,0,0.135268,-1.551794,0.447702,-301.005005,-26.639580,-14.423226,1.717147,0.825063,2.859034,-333.293152,89.122337,201.879120,3.449712,-0.716318,1.027422,-145.179321,88.936630,-66.255486
292,0,0.134219,-1.554738,0.447001,-300.535431,-26.609261,-14.125876,1.718366,0.859133,2.861977,-333.315216,89.206764,201.945450,3.449435,-0.712876,1.031965,-144.607880,89.130211,-65.549568
293,0,0.135602,-1.555515,0.449223,-299.951050,-26.575331,-13.788942,1.717783,0.879417,2.864161,-333.317841,89.299957,202.020004,3.449153,-0.709739,1.034894,-144.067627,89.313980,-64.844749
294,0,0.134865,-1.559841,0.451393,-299.399292,-26.538576,-13.451418,1.715752,0.876465,2.865201,-333.346466,89.398476,202.105240,3.448468,-0.706578,1.039358,-143.481216,89.500618,-64.149506
295,0,0.135357,-1.560864,0.450927,-298.897919,-26.495335,-13.142932,1.711624,0.839367,2.863876,-333.388153,89.497055,202.186432,3.448244,-0.703947,1.042989,-142.931046,89.690117,-63.444996
296,0,0.135597,-1.562221,0.455156,-298.282867,-26.450832,-12.772211,1.709457,0.836446,2.865345,-333.438934,89.608528,202.287659,3.448106,-0.700984,1.045637,-142.363770,89.881653,-62.730087
297,0,0.134635,-1.567006,0.454205,-297.777832,-26.400698,-12.438589,1.706361,0.818382,2.865292,-333.474365,89.702545,202.376678,3.448380,-0.698211,1.050934,-141.768387,90.077393,-62.028713
298,0,0.135161,-1.567680,0.458477,-297.170563,-26.352461,-12.062967,1.705070,0.824425,2.866740,-333.504333,89.803596,202.446274,3.447454,-0.695438,1.054521,-141.200073,90.272484,-61.300430
299,0,0.133387,-1.572748,0.459003,-296.606567,-26.302195,-11.740331,1.702744,0.823024,2.868208,-333.539642,89.899048,202.530334,3.447063,-0.691892,1.059926,-140.608139,90.468292,-60.586208
300,0,0.134821,-1.573320,0.460465,-296.058685,-26.244394,-11.389576,1.699356,0.802663,2.867822,-333.586456,89.990402,202.607773,3.446265,-0.688733,1.064308,-140.028442,90.663216,-59.851746
301,0,0.135487,-1.575037,0.464379,-295.431854,-26.193550,-11.047412,1.694710,0.770535,2.866590,-333.633026,90.081558,202.689499,3.445668,-0.685818,1.069031,-139.402893,90.871758,-59.115772
302,0,0.134027,-1.579902,0.462885,-294.904755,-26.131319,-10.715884,1.695656,0.804158,2.870641,-333.674774,90.184753,202.770996,3.446192,-0.682905,1.071200,-138.837265,91.070930,-58.357487
303,0,0.135211,-1.579983,0.467070,-294.299866,-26.064390,-10.343764,1.695029,0.818264,2.872818,-333.697083,90.284348,202.844666,3.444155,-0.680398,1.077847,-138.219345,91.268654,-57.632103
304,0,0.133155,-1.587466,0.468410,-293.680542,-26.003536,-9.979641,1.692579,0.810810,2.873651,-333.731384,90.388542,202.931396,3.444855,-0.676661,1.081226,-137.617554,91.471382,-56.897400
305,0,0.133591,-1.587177,0.469244,-293.140839,-25.941633,-9.626501,1.687520,0.777061,2.872648,-333.766144,90.489304,203.032776,3.443060,-0.674471,1.087171,-137.004013,91.683838,-56.156555
306,0,0.135039,-1.589121,0.472343,-292.515289,-25.872929,-9.283446,1.683757,0.753720,2.871758,-333.797943,90.589264,203.119446,3.443880,-0.671295,1.091117,-136.396942,91.890915,-55.420795
307,0,0.133803,-1.593419,0.472952,-291.913269,-25.806419,-8.921971,1.685304,0.798890,2.877052,-333.824829,90.686562,203.205811,3.442101,-0.670004,1.095496,-135.757874,92.103271,-54.666767
308,0,0.134473,-1.595787,0.474128,-291.325989,-25.737143,-8.581021,1.684023,0.801412,2.878196,-333.850403,90.784973,203.258652,3.443341,-0.666271,1.098937,-135.155502,92.317268,-53.908749
309,0,0.134751,-1.598218,0.477484,-290.662506,-25.651651,-8.198061,1.685207,0.838341,2.881723,-333.873535,90.876228,203.327850,3.442013,-0.663657,1.104018,-134.512985,92.530479,-53.162617
310,0,0.132522,-1.602824,0.477344,-290.074249,-25.594051,-7.850711,1.682300,0.828275,2.882773,-333.908386,90.985733,203.419968,3.441408,-0.661268,1.108853,-133.886948,92.751244,-52.402103
311,0,0.133810,-1.600718,0.480627,-289.456909,-25.507906,-7.474784,1.678636,0.804102,2.882515,-333.952942,91.090385,203.509003,3.440706,-0.657968,1.113585,-133.233780,92.963356,-51.654011
312,0,0.134807,-1.604192,0.482395,-288.819214,-25.429766,-7.113092,1.674182,0.772142,2.881576,-333.989563,91.208328,203.602798,3.440436,-0.655594,1.116963,-132.608749,93.182457,-50.866516
313,0,0.132222,-1.611408,0.482691,-288.193054,-25.347099,-6.737152,1.670947,0.757938,2.881459,-334.015167,91.300957,203.689423,3.439622,-0.652323,1.122886,-131.945236,93.408150,-50.111271
314,0,0.134997,-1.611195,0.484512,-287.577789,-25.266022,-6.369934,1.670953,0.772942,2.883672,-334.045349,91.402008,203.755829,3.439134,-0.649669,1.126215,-131.298660,93.634514,-49.329502
315,0,0.134380,-1.613391,0.487490,-286.927368,-25.181026,-5.989136,1.669302,0.779197,2.885574,-334.096832,91.501495,203.853439,3.439367,-0.648173,1.129180,-130.654587,93.859818,-48.538044
316,0,0.132592,-1.620393,0.487355,-286.300934,-25.093948,-5.596360,1.668644,0.792892,2.887906,-334.144592,91.609947,203.936417,3.438063,-0.643845,1.135909,-129.986710,94.084061,-47.771008
317,0,0.133960,-1.618446,0.491952,-285.656250,-25.007959,-5.202306,1.667792,0.806505,2.890399,-334.181946,91.715218,204.019394,3.437633,-0.642289,1.139036,-129.328964,94.318161,-46.979927
318,0,0.133643,-1.622489,0.491914,-285.016022,-24.921535,-4.831793,1.665837,0.810362,2.892200,-334.193115,91.823441,204.105530,3.437228,-0.638997,1.144588,-128.675949,94.541695,-46.198978
319,0,0.131785,-1.627654,0.492851,-284.369537,-24.831242,-4.446096,1.661119,0.771732,2.890196,-334.218262,91.928772,204.190018,3.437004,-0.636447,1.149184,-127.993034,94.780434,-45.410042
320,0,0.133837,-1.629162,0.494689,-283.717041,-24.745043,-4.059028,1.655144,0.717930,2.886869,-334.251465,92.048546,204.287262,3.434986,-0.633518,1.154719,-127.340538,95.008347,-44.624374
321,0,0.133348,-1.632219,0.497125,-283.041046,-24.649435,-3.663494,1.649333,0.675157,2.884086,-334.285156,92.159203,204.386749,3.435724,-0.631170,1.157001,-126.651642,95.245598,-43.820156
322,0,0.131696,-1.635983,0.497457,-282.392517,-24.557831,-3.266192,1.649542,0.699147,2.887939,-334.317566,92.266075,204.487823,3.434896,-0.627921,1.163498,-125.989708,95.477898,-43.033978
323,0,0.132736,-1.637224,0.501189,-281.718475,-24.453728,-2.860949,1.651137,0.741843,2.893402,-334.337311,92.374207,204.559586,3.434181,-0.626364,1.166770,-125.292778,95.728363,-42.228939
324,0,0.133189,-1.640416,0.501050,-281.075104,-24.364079,-2.468329,1.650869,0.764701,2.896462,-334.351593,92.468987,204.634003,3.435015,-0.622498,1.169762,-124.634644,95.956192,-41.420868
325,0,0.131477,-1.644641,0.501954,-280.412903,-24.265175,-2.079342,1.648039,0.748320,2.896307,-334.417114,92.593285,204.719345,3.433293,-0.620960,1.174984,-123.923866,96.209129,-40.625385
326,0,0.132548,-1.647054,0.504921,-279.720490,-24.168070,-1.673221,1.642225,0.702323,2.893545,-334.456757,92.712990,204.826965,3.433876,-0.617716,1.177940,-123.259789,96.449623,-39.811699
327,0,0.134596,-1.647597,0.507139,-279.046326,-24.070183,-1.259710,1.636304,0.661330,2.890709,-334.493134,92.816521,204.931320,3.433092,-0.614863,1.182719,-122.543655,96.693527,-39.007267
328,0,0.132046,-1.653094,0.506139,-278.399719,-23.971987,-0.869665,1.629593,0.614764,2.886682,-334.505157,92.931625,205.024292,3.432736,-0.612379,1.186892,-121.864967,96.941063,-38.204575
329,0,0.131508,-1.657113,0.508277,-277.674774,-23.877203,-0.436633,1.627820,0.617049,2.888283,-334.548401,93.034218,205.110428,3.431713,-0.609616,1.191025,-121.176064,97.183052,-37.382217
330,0,0.132986,-1.656440,0.511505,-277.019806,-23.772449,-0.027662,1.630411,0.663799,2.895547,-334.602631,93.168533,205.202240,3.431753,-0.606586,1.194856,-120.446625,97.435486,-36.580231
331,0,0.131881,-1.660846,0.511157,-276.354919,-23.660418,0.383040,1.627158,0.657217,2.896693,-334.631165,93.273254,205.298737,3.430907,-0.603666,1.199019,-119.773010,97.681854,-35.759228
332,0,0.129995,-1.666268,0.513420,-275.625824,-23.563883,0.803891,1.625157,0.660561,2.898671,-334.656647,93.382599,205.378510,3.431075,-0.601417,1.202260,-119.058884,97.934776,-34.943459
333,0,0.132497,-1.667220,0.514589,-274.956726,-23.445715,1.213151,1.622383,0.657676,2.899593,-334.670349,93.485909,205.474365,3.430554,-0.597709,1.206066,-118.352913,98.188744,-34.132618
334,0,0.133255,-1.669168,0.516919,-274.261261,-23.338766,1.631919,1.615781,0.608837,2.895740,-334.704071,93.611465,205.576233,3.429615,-0.595674,1.210330,-117.637680,98.445465,-33.318012
335,0,0.131225,-1.674219,0.516618,-273.563568,-23.218187,2.058278,1.609690,0.572155,2.892931,-334.729126,93.734489,205.682739,3.429031,-0.592517,1.213974,-116.928627,98.700371,-32.482658
336,0,0.131407,-1.677799,0.519205,-272.848358,-23.109304,2.485410,1.606327,0.561417,2.893052,-334.758606,93.839272,205.779602,3.429579,-0.589660,1.216814,-116.206902,98.966446,-31.660990
337,0,0.132714,-1.677611,0.521817,-272.162628,-22.992641,2.911978,1.606166,0.586984,2.898310,-334.771820,93.953415,205.858704,3.427907,-0.586873,1.222789,-115.474800,99.236816,-30.845472
338,0,0.131232,-1.681307,0.521214,-271.482178,-22.863506,3.325703,1.606303,0.611158,2.902798,-334.786255,94.058464,205.931000,3.427963,-0.584821,1.224946,-114.758728,99.500420,-30.002329
339,0,0.130187,-1.687249,0.523676,-270.726501,-22.746033,3.774466,1.606662,0.646848,2.909300,-334.816589,94.168884,206.026398,3.426794,-0.581165,1.230760,-114.025124,99.768593,-29.189699
340,0,0.131980,-1.688941,0.524388,-270.027344,-22.623457,4.193801,1.602311,0.623370,2.908374,-334.865265,94.286293,206.122803,3.426518,-0.579083,1.233905,-113.284386,100.048973,-28.355114
341,0,0.132705,-1.689621,0.526446,-269.326996,-22.506746,4.606467,1.595244,0.577303,2.904569,-334.880463,94.404709,206.222519,3.426224,-0.576005,1.237193,-112.574814,100.319901,-27.516623
342,0,0.130792,-1.695962,0.526007,-268.624084,-22.369410,5.054292,1.588704,0.535450,2.900096,-334.888580,94.510933,206.309067,3.426337,-0.572891,1.240812,-111.820381,100.597488,-26.691557
343,0,0.131033,-1.697625,0.528035,-267.900452,-22.244572,5.471294,1.589777,0.576357,2.908109,-334.902008,94.627907,206.406494,3.424754,-0.570792,1.244669,-111.093575,100.879189,-25.864086
344,0,0.131894,-1.698708,0.530440,-267.155426,-22.100643,5.929511,1.585677,0.552858,2.906972,-334.945618,94.756424,206.496368,3.425278,-0.568091,1.246899,-110.368027,101.165718,-25.023897
345,0,0.131541,-1.701058,0.530174,-266.489136,-21.955463,6.347806,1.584700,0.570531,2.911379,-334.971741,94.873108,206.575211,3.425045,-0.565078,1.250588,-109.600479,101.453094,-24.198051
346,0,0.130174,-1.707208,0.531607,-265.752686,-21.819160,6.786439,1.580602,0.553679,2.910756,-334.977539,94.990250,206.674210,3.423956,-0.562475,1.253498,-108.879845,101.738182,-23.359724
347,0,0.131344,-1.708561,0.533476,-264.976593,-21.674435,7.243110,1.579345,0.574070,2.915775,-334.979492,95.098335,206.756592,3.424139,-0.559784,1.255987,-108.127037,102.033287,-22.526203
348,0,0.132580,-1.709650,0.536212,-264.269135,-21.537659,7.672256,1.575275,0.553011,2.914576,-335.003082,95.220314,206.840012,3.421709,-0.556697,1.261615,-107.367661,102.332359,-21.709806
349,0,0.131722,-1.714286,0.535632,-263.575134,-21.378670,8.111814,1.571677,0.538795,2.914789,-335.028870,95.353004,206.924530,3.422323,-0.554193,1.264419,-106.635811,102.629570,-20.869429
350,0,0.131255,-1.716415,0.537488,-262.812561,-21.232275,8.546758,1.566879,0.517432,2.913950,-335.038300,95.480553,207.023148,3.420807,-0.551944,1.267481,-105.864151,102.928848,-20.037848
351,0,0.132072,-1.719387,0.540242,-262.053040,-21.083450,8.997198,1.564599,0.518927,2.916076,-335.042419,95.599388,207.094452,3.420243,-0.547922,1.272086,-105.116783,103.234131,-19.212322
352,0,0.133035,-1.720915,0.541111,-261.357605,-20.921556,9.457668,1.565515,0.549994,2.922315,-335.069275,95.712593,207.168320,3.419371,-0.545601,1.275561,-104.360237,103.539619,-18.371124
353,0,0.130486,-1.726517,0.542111,-260.606750,-20.753401,9.905435,1.565261,0.571579,2.926902,-335.073334,95.835846,207.237411,3.407361,-0.545269,1.281010,-103.426338,103.950577,-17.713049
354,0,0.130865,-1.727956,0.543732,-259.862305,-20.591856,10.351432,1.563800,0.588495,2.931666,-335.078735,95.956032,207.344315,3.417580,-0.539816,1.282841,-102.837288,104.159164,-16.720097
355,0,0.130861,-1.730999,0.546650,-259.099731,-20.424019,10.821564,1.557723,0.543972,2.927767,-335.099823,96.095558,207.435608,3.417658,-0.537844,1.284805,-102.068970,104.467613,-15.886866
356,0,0.130946,-1.732995,0.547460,-258.388458,-20.270674,11.274777,1.552774,0.514823,2.925432,-335.107452,96.219376,207.534592,3.416584,-0.535011,1.289454,-101.318970,104.784119,-15.066784
357,0,0.129971,-1.738893,0.547584,-257.642578,-20.090593,11.742248,1.548086,0.486072,2.923014,-335.124237,96.336388,207.616959,3.416547,-0.532481,1.290541,-100.548378,105.088257,-14.239964
358,0,0.130893,-1.739894,0.550993,-256.883820,-19.923176,12.205339,1.544535,0.472856,2.922862,-335.129486,96.462563,207.697952,3.415863,-0.529894,1.294985,-99.786140,105.410355,-13.409558
359,0,0.131136,-1.743321,0.552148,-256.106598,-19.748142,12.665813,1.546331,0.514685,2.931492,-335.156158,96.592178,207.769745,3.414383,-0.528030,1.297324,-99.017647,105.729027,-12.588017
360,0,0.132341,-1.744725,0.553127,-255.401489,-19.558247,13.129566,1.542208,0.492206,2.929750,-335.186371,96.705750,207.853058,3.403202,-0.526915,1.302450,-98.081787,106.143539,-11.908234
361,0,0.129723,-1.750078,0.555382,-254.642670,-19.373499,13.613881,1.536697,0.454562,2.925518,-335.204376,96.835548,207.941498,3.403013,-0.523600,1.304532,-97.312439,106.466103,-11.086181
362,0,0.130334,-1.752254,0.555622,-253.888641,-19.202831,14.071717,1.537693,0.491340,2.933570,-335.204163,96.954666,208.039032,3.400818,-0.521469,1.309937,-96.534584,106.804260,-10.254299
363,0,0.131150,-1.754094,0.559814,-253.094406,-19.009142,14.572617,1.531719,0.454896,2.930027,-335.206482,97.091263,208.140396,3.400368,-0.519198,1.312085,-95.768021,107.122856,-9.419292
364,0,0.130854,-1.756788,0.560934,-252.406143,-18.821213,15.040995,1.527723,0.433652,2.928229,-335.213501,97.218475,208.222549,3.409618,-0.514268,1.315814,-95.143852,107.346245,-8.441247
365,0,0.129739,-1.762733,0.561033,-251.632507,-18.622585,15.534926,1.523715,0.413949,2.926417,-335.222351,97.349960,208.300873,3.409609,-0.512264,1.317369,-94.366653,107.672821,-7.623240
366,0,0.129409,-1.763015,0.564882,-250.829102,-18.433691,16.014856,1.518726,0.388737,2.924208,-335.239258,97.478180,208.402496,3.399434,-0.510980,1.320052,-93.453232,108.097824,-6.935397
367,0,0.129690,-1.765636,0.567244,-250.087387,-18.231342,16.495909,1.519488,0.419343,2.931896,-335.242279,97.605095,208.499298,3.396601,-0.509168,1.325639,-92.626053,108.444855,-6.139502
368,0,0.129865,-1.767600,0.567486,-249.365784,-18.024294,16.983147,1.518198,0.423935,2.934258,-335.248962,97.739113,208.561188,3.397639,-0.505895,1.327290,-91.874237,108.768677,-5.302404
369,0,0.127492,-1.773482,0.567239,-248.586639,-17.824209,17.452288,1.509155,0.359538,2.924232,-335.251648,97.861801,208.656647,3.406577,-0.502333,1.329414,-91.252678,109.018715,-4.342854
370,0,0.128033,-1.776052,0.572681,-247.768066,-17.613132,17.967201,1.511758,0.411142,2.936474,-335.262634,98.012695,208.765198,3.405537,-0.500199,1.333515,-90.454834,109.353073,-3.532473
371,0,0.129329,-1.777269,0.573258,-247.037521,-17.398373,18.454752,1.512611,0.442213,2.944152,-335.282715,98.154327,208.860245,3.395606,-0.498583,1.336775,-89.538437,109.780281,-2.850525
372,0,0.128254,-1.779995,0.574127,-246.262680,-17.187965,18.928461,1.510198,0.437126,2.944996,-335.299500,98.270859,208.933380,3.391643,-0.498505,1.342172,-88.741013,110.148483,-2.050431
373,0,0.127106,-1.782912,0.575732,-245.508759,-16.971722,19.409616,1.506492,0.424922,2.944587,-335.280701,98.395020,209.004318,3.391677,-0.494785,1.345969,-87.933342,110.497398,-1.242825
374,0,0.127863,-1.786548,0.578400,-244.702667,-16.736145,19.930740,1.502948,0.417952,2.946017,-335.280304,98.540787,209.130188,3.401145,-0.490138,1.346470,-87.320534,110.744438,-0.275611
375,0,0.128400,-1.788339,0.580241,-243.930801,-16.506428,20.418823,1.498207,0.386962,2.942751,-335.309906,98.683228,209.233536,3.388758,-0.490302,1.352397,-86.364571,111.200623,0.375639
376,0,0.127264,-1.792505,0.582084,-243.166885,-16.279802,20.904413,1.492832,0.356740,2.939050,-335.321289,98.820625,209.325287,3.388398,-0.487268,1.354626,-85.580254,111.549248,1.168473
377,0,0.127105,-1.794271,0.582931,-242.403732,-16.035322,21.400522,1.482971,0.287942,2.927041,-335.319122,98.953400,209.423462,3.385697,-0.485064,1.359350,-84.770012,111.915031,1.967769
378,0,0.126392,-1.797683,0.585167,-241.592560,-15.796395,21.911970,1.484048,0.320157,2.935932,-335.322601,99.080872,209.506775,3.385853,-0.483108,1.359621,-83.974060,112.284058,2.758740
379,0,0.127841,-1.799851,0.588138,-240.822815,-15.554487,22.393229,1.487606,0.376706,2.949099,-335.375885,99.217537,209.574600,3.394931,-0.478189,1.362298,-83.361954,112.541359,3.708057
380,0,0.126658,-1.803334,0.588601,-240.082108,-15.298066,22.898682,1.486338,0.392629,2.954384,-335.385803,99.357079,209.674576,3.382279,-0.478213,1.367937,-82.368431,113.012909,4.338278
381,0,0.125528,-1.807589,0.590779,-239.257706,-15.039039,23.430298,1.478357,0.341874,2.947345,-335.372345,99.502983,209.792496,3.380417,-0.475996,1.370869,-81.568695,113.393951,5.110727
382,0,0.125176,-1.809618,0.592557,-238.471741,-14.795694,23.900135,1.471995,0.300245,2.940914,-335.353729,99.638779,209.888580,3.379392,-0.474153,1.373478,-80.782692,113.766983,5.897418
383,0,0.126564,-1.811680,0.595739,-237.699554,-14.533148,24.404715,1.464973,0.255568,2.933362,-335.356567,99.765213,209.986328,3.378417,-0.470760,1.376721,-79.951172,114.140213,6.677497
384,0,0.125902,-1.813742,0.594982,-236.941299,-14.266176,24.899687,1.464532,0.284142,2.942477,-335.370483,99.922585,210.099823,3.376609,-0.468903,1.380818,-79.156334,114.522987,7.454400
385,0,0.123694,-1.815814,0.598224,-236.115051,-14.010698,25.407530,1.457947,0.240642,2.934989,-335.386169,100.049477,210.172150,3.373850,-0.467163,1.384864,-78.353516,114.909866,8.224741
386,0,0.123851,-1.820064,0.600667,-235.329132,-13.750026,25.906530,1.457839,0.264625,2.942243,-335.382111,100.179253,210.255066,3.372638,-0.463988,1.388520,-77.513817,115.288467,8.986231
387,0,0.126201,-1.820767,0.602392,-234.554993,-13.466555,26.420622,1.459261,0.310409,2.954976,-335.380066,100.321533,210.363708,3.371376,-0.462097,1.390794,-76.718002,115.670837,9.763276
388,0,0.122536,-1.826548,0.601987,-233.764008,-13.185516,26.936934,1.454716,0.288949,2.952853,-335.391235,100.463966,210.473419,3.368699,-0.460856,1.394064,-75.907181,116.072319,10.522281
389,0,0.122462,-1.826156,0.606802,-232.969498,-12.918124,27.428253,1.447612,0.244999,2.945695,-335.378021,100.599335,210.572540,3.366728,-0.458140,1.398497,-75.048248,116.466782,11.256780
390,0,0.123216,-1.830494,0.607272,-232.187897,-12.628529,27.947157,1.438737,0.188531,2.934808,-335.370209,100.733368,210.670975,3.365996,-0.455341,1.399977,-74.264351,116.848083,12.044349
391,0,0.124386,-1.831432,0.608151,-231.385727,-12.337533,28.446510,1.433500,0.162962,2.931229,-335.377960,100.883224,210.782867,3.365653,-0.454066,1.400424,-73.455917,117.227020,12.807225
392,0,0.121288,-1.835155,0.610090,-230.615067,-12.064316,28.941788,1.435578,0.202215,2.942900,-335.383453,101.014709,210.868179,3.362490,-0.451411,1.406668,-72.597847,117.635689,13.526818
393,0,0.120706,-1.836809,0.614603,-229.796997,-11.774936,29.468260,1.428949,0.170931,2.937999,-335.374695,101.151199,210.986450,3.361585,-0.449264,1.407005,-71.778366,118.029694,14.295073
394,0,0.121350,-1.838536,0.614608,-229.015961,-11.468985,29.979359,1.421489,0.127404,2.929432,-335.400024,101.300964,211.096909,3.362745,-0.447061,1.405270,-70.976532,118.408913,15.059726
395,0,0.121471,-1.842082,0.615956,-228.185867,-11.180430,30.499418,1.410454,0.049175,2.910311,-335.429504,101.459206,211.201691,3.358631,-0.444998,1.412163,-70.133850,118.822304,15.787784
396,0,0.119471,-1.844537,0.617517,-227.446976,-10.899215,30.981882,1.414799,0.110866,2.930314,-335.425507,101.597260,211.306900,3.357708,-0.442422,1.412873,-69.272903,119.227341,16.516617
397,0,0.118784,-1.846568,0.620724,-226.606750,-10.578785,31.525158,1.416131,0.146332,2.941535,-335.418915,101.724144,211.395462,3.357491,-0.440293,1.412766,-68.476273,119.611588,17.281887
398,0,0.119833,-1.848003,0.621733,-225.816620,-10.267050,32.040619,1.409812,0.108006,2.933825,-335.429047,101.880615,211.503220,3.353705,-0.439103,1.418489,-67.621178,120.034729,17.988892
399,0,0.120077,-1.850364,0.624415,-225.041534,-9.972368,32.550728,1.396849,0.022064,2.912958,-335.427460,102.043419,211.650787,3.351442,-0.436778,1.421144,-66.748833,120.448524,18.693993
400,0,0.117791,-1.854508,0.625707,-224.237701,-9.669224,33.053665,1.388541,-0.020920,2.902382,-335.407288,102.193542,211.766266,3.349684,-0.434089,1.423217,-65.933044,120.851738,19.428862
401,0,0.117489,-1.856551,0.626970,-223.424255,-9.357643,33.578289,1.376935,-0.092683,2.880880,-335.415985,102.338860,211.835526,3.348154,-0.433060,1.425331,-65.091316,121.260178,20.144886
402,0,0.119439,-1.857845,0.629610,-222.623199,-9.031984,34.113205,1.377486,-0.070318,2.891693,-335.420593,102.491875,211.956177,3.359215,-0.428236,1.422174,-64.415199,121.548813,21.033585
403,0,0.117806,-1.860160,0.632031,-221.828186,-8.720451,34.618656,1.338562,-0.269914,2.826453,-335.620758,102.603210,211.967484,3.342919,-0.429079,1.432114,-63.372417,122.092194,21.549040
404,0,0.116226,-1.862702,0.632698,-221.019928,-8.399362,35.112003,1.329046,-0.315821,2.809751,-335.626221,102.735046,212.050491,3.355055,-0.424567,1.427670,-62.725521,122.373581,22.446493
405,0,0.117056,-1.867222,0.633549,-220.243515,-8.072647,35.630737,1.318774,-0.358831,2.794603,-335.595306,102.894119,212.176605,3.353619,-0.422357,1.428704,-61.863075,122.794250,23.151396
406,0,0.119636,-1.865902,0.637484,-219.431534,-7.739665,36.175922,1.290483,-0.494364,2.734993,-335.591888,103.077896,212.303101,3.351323,-0.420545,1.431475,-61.012432,123.212875,23.838821
407,0,0.115989,-1.869337,0.637179,-218.625366,-7.424472,36.675053,1.279300,-0.540817,2.713970,-335.582977,103.220230,212.386261,3.350349,-0.418777,1.432799,-60.143867,123.623901,24.529343
408,0,0.114829,-1.871843,0.640905,-217.818298,-7.098780,37.194492,1.272074,-0.566845,2.703294,-335.580383,103.381264,212.475754,3.333206,-0.420789,1.440715,-59.065559,124.185585,25.020691
409,0,0.117149,-1.873476,0.641416,-217.055313,-6.758420,37.704277,1.278386,-0.529634,2.725715,-335.570129,103.543388,212.581940,3.347444,-0.415349,1.434363,-58.430367,124.459961,25.911880
410,0,0.116326,-1.876702,0.643214,-216.209534,-6.425441,38.251133,1.278223,-0.525736,2.730165,-335.573639,103.704636,212.661621,3.333748,-0.416301,1.439695,-57.376839,124.993507,26.415476
411,0,0.113168,-1.878678,0.643990,-215.439636,-6.093817,38.752167,1.269706,-0.558741,2.715853,-335.565033,103.849709,212.759613,3.343488,-0.411998,1.436776,-56.683464,125.293243,27.266657
412,0,0.113332,-1.879807,0.648931,-214.648712,-5.748404,39.279671,1.256917,-0.610180,2.692220,-335.564636,104.031021,212.890060,3.327329,-0.413225,1.445547,-55.619190,125.841721,27.741838
413,0,0.113529,-1.880310,0.649171,-213.843033,-5.425110,39.790150,1.238974,-0.683767,2.654074,-335.574799,104.197182,212.996643,3.340395,-0.408215,1.439980,-54.944546,126.128960,28.583849
414,0,0.112052,-1.883263,0.650099,-213.017029,-5.083330,40.322617,1.223228,-0.743705,2.621064,-335.573883,104.341667,213.066223,3.324726,-0.410073,1.447374,-53.861122,126.675453,29.057856
415,0,0.112154,-1.886302,0.652001,-212.267105,-4.744394,40.818039,1.263513,-0.557134,2.728665,-335.543488,104.507584,213.169571,3.336041,-0.405273,1.443427,-53.205563,126.964211,29.905296
416,0,0.111609,-1.888914,0.653582,-211.459412,-4.397785,41.335220,1.242741,-0.649959,2.682077,-335.560455,104.690315,213.275436,3.334931,-0.403113,1.444538,-52.324596,127.374100,30.560352
417,0,0.111567,-1.889985,0.657569,-210.614182,-4.048848,41.890194,1.231686,-0.696073,2.658079,-335.575714,104.848427,213.352631,3.333686,-0.402084,1.445353,-51.424717,127.800613,31.196207
418,0,0.111430,-1.892372,0.657114,-209.868042,-3.683648,42.412994,1.235813,-0.670432,2.675731,-335.539795,105.004387,213.454681,3.331817,-0.401043,1.446597,-50.561085,128.212097,31.847223
419,0,0.110557,-1.893646,0.659238,-209.078262,-3.336068,42.937672,1.246861,-0.616557,2.708488,-335.531647,105.165680,213.549973,3.331428,-0.399819,1.446154,-49.684406,128.645294,32.505585
420,0,0.109727,-1.895704,0.660548,-208.263977,-2.996983,43.427090,1.243565,-0.628225,2.704758,-335.548309,105.346306,213.628784,3.330597,-0.397612,1.445506,-48.803913,129.047073,33.140285
421,0,0.109170,-1.897302,0.662992,-207.485809,-2.640578,43.961235,1.243505,-0.618738,2.713012,-335.512390,105.500671,213.735367,3.327887,-0.397171,1.446891,-47.913364,129.470352,33.767834
422,0,0.108107,-1.899639,0.662492,-206.723770,-2.284695,44.500267,1.225865,-0.695088,2.673087,-335.516815,105.650719,213.822433,3.326833,-0.395402,1.447793,-47.034855,129.876404,34.385246
423,0,0.108000,-1.900115,0.665836,-205.872406,-1.918864,45.048344,1.213875,-0.744734,2.647255,-335.497925,105.833015,213.920380,3.325840,-0.393438,1.448408,-46.136562,130.289612,35.009697
424,0,0.107334,-1.902626,0.668338,-205.101410,-1.578613,45.542133,1.210706,-0.750953,2.646517,-335.473999,105.983002,214.016571,3.324472,-0.392669,1.448280,-45.247101,130.711716,35.640461
425,0,0.105929,-1.904754,0.668973,-204.324127,-1.225502,46.070473,1.197607,-0.801914,2.617651,-335.477417,106.130363,214.093933,3.323928,-0.392397,1.447920,-44.378468,131.126633,36.255718
426,0,0.105320,-1.908223,0.668786,-203.526505,-0.866339,46.585491,1.196828,-0.802805,2.620620,-335.484161,106.309380,214.194427,3.324167,-0.390543,1.446717,-43.467705,131.541367,36.890812
427,0,0.106546,-1.909190,0.671830,-202.707108,-0.493583,47.147087,1.202755,-0.773840,2.641424,-335.465118,106.458473,214.297272,3.323030,-0.388868,1.447099,-42.564205,131.944656,37.507408
428,0,0.104269,-1.909848,0.672894,-201.970047,-0.139814,47.663849,1.203057,-0.766486,2.648466,-335.432068,106.611755,214.371475,3.320519,-0.388882,1.447702,-41.674709,132.365143,38.119179
429,0,0.102686,-1.910477,0.675802,-201.163025,0.226726,48.188972,1.195343,-0.797160,2.632275,-335.418091,106.764297,214.460983,3.319776,-0.386867,1.446957,-40.773975,132.771759,38.734299
430,0,0.104253,-1.912105,0.676877,-200.382935,0.586673,48.715576,1.165238,-0.916289,2.557460,-335.387268,106.934509,214.574554,3.319253,-0.385149,1.446053,-39.866581,133.185638,39.334106
431,0,0.103510,-1.914153,0.676540,-199.598190,0.949232,49.243351,1.163825,-0.917249,2.560242,-335.350372,107.097961,214.682602,3.318380,-0.384016,1.446308,-38.953869,133.590607,39.934490
432,0,0.102344,-1.917631,0.675157,-198.829178,1.306186,49.753654,1.153056,-0.958227,2.533695,-335.360779,107.250877,214.741425,3.316885,-0.383231,1.446102,-38.063354,134.002686,40.541462
433,0,0.103131,-1.918838,0.680373,-198.044327,1.678419,50.278328,1.158502,-0.935172,2.552930,-335.374908,107.408752,214.849243,3.317497,-0.382155,1.443729,-37.169453,134.409653,41.151051
434,0,0.101111,-1.920446,0.681480,-197.249985,2.042222,50.809959,1.161736,-0.917621,2.568396,-335.335968,107.567490,214.960159,3.316935,-0.381276,1.442963,-36.253910,134.813751,41.732330
435,0,0.100122,-1.921608,0.681892,-196.493896,2.420885,51.334740,1.177218,-0.852985,2.613695,-335.348541,107.726311,215.021713,3.315385,-0.380913,1.441905,-35.354843,135.217972,42.314861
436,0,0.101866,-1.922359,0.682323,-195.730453,2.783464,51.847549,1.170290,-0.879979,2.598792,-335.348236,107.893776,215.118057,3.314648,-0.379640,1.441601,-34.447472,135.620285,42.891090
437,0,0.100317,-1.924880,0.683217,-194.947266,3.155193,52.369476,1.164645,-0.899037,2.589443,-335.308136,108.060112,215.235474,3.314485,-0.378289,1.441216,-33.545345,136.015701,43.470722
438,0,0.098468,-1.927517,0.683705,-194.229126,3.524296,52.855774,1.152177,-0.946475,2.559828,-335.269073,108.225761,215.322754,3.313203,-0.377315,1.441514,-32.624733,136.421509,44.041569
439,0,0.100328,-1.926125,0.687053,-193.431580,3.904607,53.409920,1.141469,-0.988818,2.531886,-335.269226,108.399879,215.387787,3.312649,-0.376501,1.441120,-31.736828,136.822281,44.621918
440,0,0.098302,-1.929176,0.685917,-192.661591,4.274675,53.910099,1.146883,-0.965889,2.551720,-335.256989,108.557777,215.499420,3.313379,-0.375715,1.436716,-30.845346,137.220352,45.204872
441,0,0.097936,-1.930488,0.687351,-191.911575,4.670309,54.442719,1.154265,-0.930317,2.579749,-335.217621,108.703346,215.604553,3.312860,-0.374628,1.435149,-29.929821,137.619934,45.766541
442,0,0.097512,-1.934694,0.689266,-191.144180,5.043251,54.951675,1.161825,-0.900259,2.602059,-335.248138,108.871017,215.661591,3.311780,-0.373141,1.435602,-29.022781,138.016006,46.310719
443,0,0.095739,-1.934991,0.689553,-190.394470,5.423191,55.456646,1.171726,-0.854756,2.635154,-335.249695,109.050850,215.755783,3.311345,-0.372409,1.435419,-28.123020,138.419556,46.865196
444,0,0.096892,-1.935433,0.689600,-189.674149,5.814390,55.964912,1.168078,-0.862427,2.633916,-335.182312,109.220840,215.886017,3.311480,-0.372105,1.434387,-27.220615,138.816895,47.411621
445,0,0.096913,-1.934902,0.691881,-188.886597,6.198008,56.492779,1.152215,-0.928593,2.592103,-335.173920,109.365654,215.960007,3.310846,-0.370590,1.432710,-26.307911,139.203659,47.952229
446,0,0.094780,-1.937676,0.692230,-188.148834,6.594415,56.988785,1.146388,-0.953107,2.577742,-335.173462,109.532593,216.021988,3.310784,-0.370834,1.430955,-25.407036,139.607468,48.480179
447,0,0.095114,-1.939932,0.694227,-187.424622,6.987227,57.482323,1.153706,-0.915490,2.607540,-335.121613,109.715302,216.132111,3.310226,-0.369597,1.429511,-24.508188,140.000488,49.017365
448,0,0.093353,-1.942234,0.694616,-186.641342,7.373421,57.996033,1.149716,-0.928084,2.601588,-335.108917,109.858994,216.211639,3.309818,-0.368737,1.429166,-23.607243,140.395844,49.544121
449,0,0.092786,-1.943255,0.693732,-185.949249,7.782658,58.500484,1.144035,-0.953576,2.586406,-335.107666,110.020065,216.277359,3.308802,-0.367757,1.428869,-22.695581,140.782181,50.069202
450,0,0.093361,-1.941104,0.698306,-185.162750,8.187380,59.020313,1.127931,-1.016757,2.544636,-335.092682,110.196648,216.383636,3.309362,-0.367873,1.425665,-21.823145,141.181030,50.595982
451,0,0.090833,-1.945217,0.698114,-184.445511,8.591380,59.504177,1.139118,-0.964914,2.585065,-335.047607,110.358276,216.479980,3.309578,-0.367172,1.424657,-20.936337,141.571793,51.109344
452,0,0.091404,-1.945124,0.699109,-183.733353,8.999160,60.013508,1.130573,-1.000520,2.562002,-335.038025,110.509697,216.549271,3.308336,-0.365963,1.425627,-20.034723,141.952515,51.612839
453,0,0.090291,-1.946560,0.699684,-182.953278,9.406898,60.500767,1.121851,-1.035262,2.539439,-335.013336,110.669746,216.627167,3.307319,-0.364905,1.425388,-19.129824,142.347183,52.114651
454,0,0.089627,-1.948702,0.699663,-182.295319,9.813473,61.000877,1.125773,-1.014032,2.558856,-334.951324,110.844711,216.743225,3.308143,-0.365300,1.421725,-18.265242,142.732147,52.625652
455,0,0.089061,-1.950087,0.704358,-181.504257,10.237192,61.533497,1.114935,-1.057089,2.529770,-334.947601,111.006905,216.825684,3.308082,-0.365144,1.420685,-17.364643,143.123367,53.114132
456,0,0.087635,-1.951273,0.704846,-180.818756,10.641006,62.017429,1.105012,-1.096335,2.502232,-334.959808,111.152824,216.918579,3.306969,-0.363609,1.422127,-16.480253,143.505112,53.591125
457,0,0.088460,-1.949594,0.706032,-180.092422,11.067387,62.516071,1.100938,-1.108795,2.496002,-334.937042,111.327705,217.019974,3.306184,-0.362526,1.420219,-15.617850,143.883316,54.088928
458,0,0.086177,-1.951953,0.705845,-179.356262,11.479230,63.012100,1.106254,-1.085649,2.516821,-334.903137,111.480110,217.102631,3.306632,-0.363358,1.417409,-14.738997,144.272507,54.575146
459,0,0.085831,-1.954957,0.708300,-178.708603,11.893611,63.482841,1.104746,-1.091580,2.514607,-334.905365,111.645340,217.182129,3.306485,-0.362457,1.417900,-13.855119,144.648285,55.030972
460,0,0.084234,-1.955111,0.710627,-177.921295,12.316168,63.989944,1.071204,-1.216281,2.415834,-334.893860,111.803848,217.284348,3.304464,-0.362550,1.418164,-12.994560,145.030563,55.491581
461,0,0.083439,-1.955154,0.711151,-177.278473,12.756050,64.503532,1.077533,-1.191006,2.440621,-334.842896,111.957359,217.399628,3.304516,-0.361575,1.415477,-12.125694,145.404861,55.981205
462,0,0.082989,-1.955952,0.713991,-176.530518,13.185935,65.013985,1.083451,-1.170241,2.460590,-334.841278,112.127304,217.481079,3.304305,-0.361956,1.415921,-11.260531,145.787643,56.441925
463,0,0.081801,-1.958019,0.715367,-175.861588,13.596848,65.474152,1.077869,-1.192511,2.444702,-334.835846,112.288658,217.567078,3.303111,-0.361812,1.415546,-10.414433,146.165054,56.879791
464,0,0.081171,-1.958979,0.715356,-175.162613,14.004188,65.935883,1.085523,-1.163402,2.471500,-334.807556,112.429848,217.652618,3.302236,-0.361202,1.414177,-9.557863,146.539841,57.339062
465,0,0.080852,-1.959456,0.717733,-174.427048,14.440318,66.447510,1.093166,-1.130934,2.500726,-334.757721,112.576591,217.740936,3.302300,-0.360649,1.413225,-8.687881,146.924194,57.795261
466,0,0.079881,-1.959522,0.719242,-173.802094,14.869250,66.948524,1.111542,-1.056214,2.560801,-334.765503,112.746140,217.812912,3.301170,-0.360452,1.413282,-7.843443,147.301453,58.217342
467,0,0.078356,-1.961519,0.723314,-173.038147,15.292902,67.448776,1.102525,-1.095267,2.533977,-334.753021,112.902359,217.899063,3.300066,-0.360453,1.412782,-7.009624,147.674515,58.651367
468,0,0.078452,-1.962712,0.723280,-172.400299,15.727598,67.918297,1.088199,-1.148761,2.495075,-334.704224,113.059799,218.007263,3.299916,-0.359630,1.412174,-6.151524,148.057724,59.098145
469,0,0.077382,-1.963268,0.723456,-171.678757,16.148954,68.375595,1.081578,-1.174152,2.477459,-334.680267,113.215225,218.097198,3.298604,-0.359403,1.411377,-5.306018,148.434265,59.507351
470,0,0.076253,-1.964214,0.725394,-171.055939,16.588381,68.870071,1.088310,-1.148301,2.501298,-334.681061,113.385376,218.174057,3.297603,-0.359409,1.410964,-4.483504,148.813080,59.923626
471,0,0.074655,-1.963618,0.728579,-170.320480,17.017548,69.348022,1.094732,-1.120621,2.526018,-334.679993,113.529480,218.252563,3.297004,-0.358718,1.410803,-3.630528,149.197678,60.356853
472,0,0.074872,-1.964551,0.729536,-169.684509,17.457893,69.835396,1.108811,-1.054587,2.579158,-334.647125,113.677078,218.336121,3.295861,-0.357666,1.410446,-2.808069,149.570526,60.757225
473,0,0.072664,-1.966751,0.731931,-168.956436,17.901550,70.338318,1.097286,-1.105351,2.543991,-334.635559,113.846420,218.427322,3.294896,-0.357855,1.410031,-1.982267,149.948090,61.164841
474,0,0.072901,-1.968007,0.733480,-168.313919,18.331041,70.789131,1.090653,-1.132923,2.525426,-334.619720,114.003609,218.514175,3.294154,-0.357384,1.409511,-1.139800,150.336166,61.569340
475,0,0.070182,-1.968287,0.733964,-167.627411,18.752811,71.232536,1.064991,-1.232973,2.446491,-334.560059,114.151001,218.604355,3.292536,-0.356599,1.408700,-0.322355,150.701813,61.950085
476,0,0.071584,-1.967096,0.737217,-166.948166,19.204031,71.740944,1.059857,-1.250608,2.434578,-334.531952,114.300446,218.684174,3.292097,-0.357282,1.409072,0.498984,151.093155,62.352844
477,0,0.068783,-1.967122,0.738945,-166.290482,19.653923,72.229614,1.059915,-1.251827,2.436471,-334.524872,114.462723,218.755493,3.290695,-0.356518,1.409059,1.323674,151.468994,62.739223
478,0,0.068604,-1.970079,0.740921,-165.619553,20.088192,72.684036,1.077699,-1.182047,2.498438,-334.514618,114.623932,218.838730,3.288744,-0.355401,1.408496,2.138252,151.844528,63.111244
479,0,0.066395,-1.971517,0.740755,-164.950699,20.515415,73.123322,1.065918,-1.226929,2.463823,-334.465118,114.768456,218.914856,3.288466,-0.356234,1.407759,2.948057,152.229614,63.498802
480,0,0.067762,-1.970898,0.742089,-164.276688,20.963621,73.595840,1.066672,-1.224629,2.468872,-334.457947,114.925468,219.009979,3.286666,-0.355254,1.407645,3.764294,152.604736,63.855232
481,0,0.064677,-1.969922,0.743617,-163.654373,21.401995,74.062790,1.059759,-1.253132,2.447711,-334.430542,115.087425,219.092194,3.285063,-0.355925,1.407581,4.577335,152.985779,64.238281
482,0,0.064545,-1.970065,0.748365,-162.962036,21.845924,74.540138,1.048500,-1.294741,2.414061,-334.385651,115.236626,219.176636,3.284253,-0.354991,1.406317,5.393210,153.362808,64.606377
483,0,0.062466,-1.973207,0.748272,-162.294815,22.291176,75.006958,1.050072,-1.287825,2.422756,-334.341736,115.388748,219.248093,3.282023,-0.355112,1.406576,6.202568,153.740356,64.942009
484,0,0.063307,-1.974011,0.747966,-161.636734,22.730204,75.455154,1.056524,-1.264073,2.446604,-334.331085,115.542152,219.319977,3.281623,-0.355011,1.404758,7.007507,154.125534,65.324043
485,0,0.060677,-1.972879,0.748854,-161.013428,23.168077,75.886345,1.054878,-1.271853,2.443042,-334.299622,115.711128,219.405807,3.279711,-0.354098,1.405868,7.826062,154.500946,65.653969
486,0,0.061086,-1.971585,0.754371,-160.319565,23.615400,76.383942,1.049182,-1.291658,2.428206,-334.248413,115.853325,219.478943,3.278441,-0.354538,1.405264,8.629186,154.888123,66.010139
487,0,0.058799,-1.972568,0.754399,-159.688461,24.063536,76.839920,1.044055,-1.312370,2.412582,-334.223175,116.004547,219.551788,3.277110,-0.353674,1.403247,9.431320,155.262131,66.351189
488,0,0.058719,-1.975728,0.753918,-159.028900,24.509470,77.294395,1.044364,-1.312605,2.415287,-334.201141,116.165833,219.636505,3.276329,-0.353913,1.404224,10.229609,155.643875,66.677734
489,0,0.056285,-1.975160,0.754451,-158.401901,24.932146,77.697792,1.039131,-1.331949,2.400629,-334.163666,116.318092,219.726654,3.275118,-0.353689,1.401086,11.029466,156.019684,67.028030
490,0,0.057792,-1.973965,0.757988,-157.732315,25.387943,78.177155,1.032080,-1.356967,2.379778,-334.112488,116.457199,219.787918,3.273564,-0.352822,1.401886,11.834197,156.400726,67.341812
491,0,0.054993,-1.973592,0.758919,-157.109787,25.840538,78.646751,1.039827,-1.328146,2.409368,-334.092163,116.607941,219.874084,3.272604,-0.353271,1.399967,12.622032,156.777313,67.675606
492,0,0.055441,-1.976419,0.760332,-156.474655,26.270885,79.091553,1.029717,-1.367260,2.376048,-334.085144,116.757278,219.963455,3.270654,-0.352416,1.400667,13.405226,157.147476,67.994820
493,0,0.052831,-1.976534,0.759350,-155.839844,26.698139,79.496292,1.039948,-1.327567,2.415610,-334.050659,116.901955,220.043350,3.270084,-0.353293,1.398767,14.193436,157.523788,68.305046
494,0,0.054632,-1.975312,0.761611,-155.208099,27.141684,79.973763,1.046962,-1.298390,2.444136,-334.015747,117.038147,220.112488,3.267968,-0.352352,1.398444,14.978893,157.899918,68.637909
495,0,0.050720,-1.974045,0.763464,-154.572067,27.586309,80.438988,1.037613,-1.336504,2.412477,-334.002777,117.175919,220.202255,3.268208,-0.351962,1.395917,15.758514,158.257462,68.947250
496,0,0.051558,-1.976598,0.765626,-153.975143,28.018534,80.869202,1.016642,-1.415554,2.340524,-333.975525,117.333458,220.296158,3.266450,-0.352300,1.395626,16.531797,158.632568,69.263229
497,0,0.050108,-1.977662,0.763524,-153.343292,28.432365,81.276703,1.012239,-1.431060,2.327869,-333.937805,117.472656,220.378830,3.265486,-0.351690,1.394054,17.307671,158.989334,69.567856
498,0,0.051200,-1.976498,0.765702,-152.752167,28.875008,81.744987,1.009279,-1.441291,2.320070,-333.890472,117.607582,220.449432,3.264872,-0.351741,1.392968,18.067286,159.357651,69.881828
499,0,0.047572,-1.975384,0.768895,-152.093521,29.304001,82.197983,1.001748,-1.469978,2.293641,-333.873932,117.758759,220.534866,3.263025,-0.351112,1.392791,18.835403,159.712830,70.174690
500,0,0.047854,-1.977250,0.768654,-151.513138,29.740675,82.627861,1.009869,-1.443777,2.323170,-333.860382,117.900162,220.619644,3.263154,-0.351206,1.389643,19.604258,160.075272,70.483688
501,0,0.047209,-1.978048,0.767298,-150.905289,30.153780,83.041054,1.018609,-1.411679,2.357368,-333.816559,118.024216,220.689270,3.261298,-0.350584,1.390088,20.367977,160.423447,70.762817
502,0,0.045058,-1.977045,0.768948,-150.366165,30.584404,83.455597,1.024949,-1.388330,2.382309,-333.771301,118.174263,220.756760,3.261759,-0.350746,1.386824,21.118633,160.782318,71.075584
503,0,0.045232,-1.975929,0.772220,-149.717773,31.029470,83.921051,1.021775,-1.403463,2.370683,-333.766113,118.319901,220.857132,3.259374,-0.351237,1.387210,21.874956,161.130280,71.336464
504,0,0.044028,-1.978034,0.771499,-149.133911,31.450979,84.337486,1.016448,-1.425612,2.351943,-333.750458,118.474792,220.950653,3.259535,-0.351072,1.383378,22.634420,161.489304,71.640518
505,0,0.044480,-1.978520,0.771755,-148.573044,31.874844,84.734398,0.998147,-1.492628,2.286259,-333.702515,118.604645,221.029892,3.257777,-0.350981,1.383370,23.377754,161.826004,71.894768
506,0,0.041247,-1.977656,0.773186,-147.965057,32.299637,85.166817,1.007506,-1.458978,2.323509,-333.651611,118.736000,221.104080,3.257821,-0.350886,1.380900,24.133911,162.187805,72.189774
507,0,0.041697,-1.978189,0.774375,-147.400513,32.739082,85.604851,1.022719,-1.404506,2.379794,-333.648499,118.888062,221.178772,3.256422,-0.350340,1.380077,24.872520,162.517975,72.436790
508,0,0.040344,-1.979023,0.772732,-146.819000,33.148998,85.975990,1.032567,-1.367842,2.417192,-333.645386,119.044571,221.263824,3.256246,-0.350690,1.378512,25.613087,162.865692,72.726746
509,0,0.038659,-1.978258,0.773738,-146.307724,33.578434,86.384872,1.022302,-1.410409,2.379033,-333.617737,119.182236,221.346161,3.255123,-0.350128,1.377424,26.338680,163.196075,72.963303
510,0,0.038630,-1.977899,0.777140,-145.688187,34.020950,86.833931,1.023013,-1.406569,2.385212,-333.571350,119.326691,221.420654,3.254667,-0.350177,1.375968,27.076052,163.540894,73.252708
511,0,0.036765,-1.979156,0.775977,-145.141403,34.426807,87.202225,1.021423,-1.414760,2.380063,-333.548309,119.468391,221.506516,3.253646,-0.349743,1.374154,27.797216,163.875931,73.477394
512,0,0.037202,-1.979153,0.777203,-144.616150,34.865955,87.600517,1.009675,-1.462741,2.335375,-333.510345,119.631279,221.591873,3.253335,-0.349832,1.372159,28.523830,164.209274,73.759155
513,0,0.034488,-1.978770,0.779539,-144.003937,35.289688,88.035522,1.004575,-1.483780,2.315762,-333.481323,119.770958,221.646530,3.252250,-0.350362,1.371690,29.238008,164.534409,73.976334
514,0,0.034315,-1.979085,0.780850,-143.490997,35.714386,88.401474,1.025227,-1.403462,2.397917,-333.428894,119.909103,221.708481,3.251842,-0.349832,1.368664,29.967152,164.872894,74.238594
515,0,0.033752,-1.980456,0.779436,-142.948837,36.126564,88.778152,1.026701,-1.397912,2.405713,-333.396942,120.052681,221.782883,3.251756,-0.350222,1.367794,30.675858,165.192993,74.467361
516,0,0.031598,-1.979109,0.781700,-142.393829,36.562370,89.200752,1.023371,-1.416158,2.391020,-333.387390,120.220612,221.876434,3.250548,-0.349948,1.365382,31.396448,165.510605,74.698540
517,0,0.031550,-1.980349,0.783813,-141.872452,36.993336,89.579216,1.010911,-1.468150,2.341583,-333.362030,120.369301,221.947067,3.250796,-0.350229,1.363759,32.104252,165.846634,74.936539
518,0,0.030427,-1.980307,0.782079,-141.325516,37.381950,89.929985,1.015232,-1.450458,2.361396,-333.307648,120.497261,222.007965,3.250019,-0.349841,1.362473,32.807617,166.149200,75.156471
519,0,0.028356,-1.979556,0.784460,-140.827499,37.826935,90.339806,1.008827,-1.476007,2.338170,-333.252686,120.639267,222.076187,3.249747,-0.350754,1.359875,33.507698,166.471527,75.392578
520,0,0.028384,-1.980390,0.786066,-140.294250,38.238865,90.727409,1.021846,-1.426311,2.390445,-333.229645,120.798012,222.160019,3.248875,-0.350392,1.358998,34.206535,166.782700,75.604553
521,0,0.027255,-1.980286,0.783635,-139.752090,38.635925,91.058876,1.009035,-1.480379,2.338618,-333.211731,120.934677,222.227509,3.248667,-0.351045,1.355643,34.895657,167.083679,75.845680
522,0,0.025335,-1.979930,0.787603,-139.274109,39.070160,91.460899,1.014452,-1.460477,2.360674,-333.179382,121.074455,222.288300,3.248637,-0.350786,1.355304,35.580391,167.393280,76.048409
523,0,0.024991,-1.979982,0.787782,-138.738022,39.475044,91.844620,1.004007,-1.501554,2.321089,-333.138153,121.210823,222.369904,3.248372,-0.351338,1.351965,36.277279,167.700714,76.270584
524,0,0.024085,-1.980746,0.786496,-138.229874,39.875732,92.175278,1.008259,-1.485932,2.339812,-333.107056,121.350815,222.459213,3.249103,-0.351183,1.349618,36.953751,167.989594,76.480202
525,0,0.022763,-1.980623,0.790194,-137.745575,40.297222,92.588013,1.009305,-1.485100,2.343344,-333.095612,121.504898,222.535202,3.248490,-0.351955,1.347690,37.630779,168.285873,76.679443
526,0,0.021483,-1.979724,0.789439,-137.221390,40.692150,92.936920,0.998490,-1.528980,2.299529,-333.067444,121.640854,222.590912,3.248380,-0.351596,1.345544,38.311192,168.581284,76.900475
527,0,0.020874,-1.980865,0.790007,-136.747269,41.084579,93.284447,0.994837,-1.543546,2.286044,-333.031189,121.772163,222.654907,3.247721,-0.352035,1.344298,38.981888,168.865860,77.085747
528,0,0.020497,-1.979532,0.793128,-136.261017,41.502739,93.693008,1.006071,-1.501159,2.333072,-332.984924,121.896240,222.705475,3.248335,-0.352107,1.342878,39.649754,169.164230,77.287315
529,0,0.018919,-1.980158,0.791971,-135.751678,41.888889,94.019157,1.011327,-1.482950,2.354670,-332.952698,122.045494,222.793365,3.247625,-0.352456,1.340221,40.305084,169.456375,77.477974
530,0,0.017905,-1.981207,0.794181,-135.280518,42.287102,94.387283,1.007383,-1.501327,2.338146,-332.925598,122.179146,222.858994,3.248071,-0.352390,1.338139,40.954876,169.727798,77.664963
531,0,0.017848,-1.978100,0.796135,-134.812286,42.693951,94.758774,0.999972,-1.532264,2.307577,-332.890198,122.304527,222.924576,3.248849,-0.353251,1.335765,41.610470,170.021439,77.861389
532,0,0.016538,-1.980150,0.795370,-134.332596,43.070408,95.074661,0.971030,-1.638348,2.190886,-332.853088,122.446358,222.985611,3.248108,-0.352505,1.334724,42.260529,170.298477,78.030373
533,0,0.015546,-1.979974,0.798056,-133.859100,43.488415,95.470200,0.974555,-1.627571,2.205714,-332.811005,122.561226,223.054672,3.248729,-0.354406,1.330405,42.891327,170.576538,78.228981
534,0,0.015954,-1.977749,0.798890,-133.420715,43.883602,95.797874,0.980649,-1.609421,2.229315,-332.783875,122.698807,223.138885,3.248908,-0.353794,1.330047,43.546158,170.863831,78.409531
535,0,0.014290,-1.980200,0.798338,-132.921326,44.268227,96.144356,0.992468,-1.568276,2.277425,-332.755829,122.829407,223.198868,3.248063,-0.353792,1.327996,44.171989,171.133682,78.572327
536,0,0.013128,-1.976485,0.801832,-132.461823,44.664146,96.517952,0.997709,-1.550429,2.298480,-332.719788,122.955650,223.249146,3.250354,-0.354384,1.324728,44.797520,171.405518,78.755554
537,0,0.013660,-1.979337,0.800021,-132.053131,45.048138,96.837685,0.991600,-1.575258,2.273157,-332.678192,123.076866,223.312759,3.249779,-0.354822,1.322952,45.428528,171.675201,78.926277
538,0,0.011444,-1.980822,0.802269,-131.536926,45.445919,97.220329,0.976299,-1.631445,2.212006,-332.632080,123.210686,223.404678,3.249493,-0.354617,1.321453,46.033867,171.945099,79.076378
539,0,0.009726,-1.976687,0.804524,-131.099030,45.829437,97.554260,0.972878,-1.645286,2.198018,-332.604614,123.342278,223.482208,3.250262,-0.356420,1.317629,46.654255,172.221024,79.246086
540,0,0.010152,-1.980685,0.803010,-130.699692,46.213253,97.882111,0.980917,-1.619182,2.230175,-332.579041,123.463409,223.549026,3.249614,-0.355920,1.318073,47.252243,172.485886,79.406036
541,0,0.009321,-1.978029,0.806679,-130.227280,46.603874,98.240761,0.980942,-1.620609,2.230480,-332.549164,123.588669,223.613861,3.249515,-0.356639,1.314807,47.863117,172.751495,79.560081
542,0,0.008065,-1.978175,0.806021,-129.770035,46.972019,98.565666,0.979047,-1.630149,2.221215,-332.537384,123.702209,223.674149,3.250899,-0.357225,1.311253,48.435863,173.015366,79.713539
543,0,0.007503,-1.977862,0.808145,-129.360779,47.358059,98.908142,0.991792,-1.585345,2.273876,-332.510010,123.830597,223.732346,3.250344,-0.357284,1.311435,49.053349,173.272797,79.846725
544,0,0.007419,-1.975698,0.809958,-128.921875,47.742775,99.251396,1.001329,-1.548451,2.316062,-332.453918,123.954102,223.786087,3.250799,-0.357171,1.309416,49.627838,173.539063,79.991005
545,0,0.005428,-1.979908,0.809698,-128.466721,48.114826,99.576469,0.993127,-1.583170,2.280293,-332.427399,124.077087,223.844849,3.251379,-0.358183,1.305698,50.221893,173.803955,80.135147
546,0,0.004625,-1.974235,0.812809,-128.062576,48.491352,99.903725,0.986814,-1.608822,2.253839,-332.386169,124.195114,223.912552,3.251150,-0.358894,1.304724,50.779659,174.058441,80.265434
547,0,0.004583,-1.978800,0.811436,-127.670692,48.860653,100.213028,0.980447,-1.635746,2.224881,-332.354736,124.328918,223.967682,3.250904,-0.358268,1.304829,51.371296,174.325455,80.392929
548,0,0.003274,-1.976924,0.813694,-127.206284,49.234043,100.546028,0.968853,-1.677648,2.177141,-332.330719,124.438477,224.028229,3.251407,-0.358737,1.300682,51.930569,174.583313,80.530281
549,0,0.001599,-1.976861,0.813930,-126.768959,49.614254,100.874870,0.972651,-1.665573,2.193781,-332.280182,124.558151,224.080811,3.251211,-0.358960,1.299106,52.487762,174.840775,80.642853
550,0,0.001877,-1.975979,0.815283,-126.394554,49.974339,101.168190,0.968942,-1.679301,2.179301,-332.242584,124.675240,224.139786,3.251131,-0.359723,1.298287,53.055870,175.098129,80.763702
551,0,0.001874,-1.973997,0.818175,-125.976952,50.353489,101.505753,0.979558,-1.644825,2.222408,-332.217346,124.794548,224.200409,3.251555,-0.359284,1.296655,53.594620,175.360199,80.891083
552,0,-0.000581,-1.979037,0.817553,-125.541420,50.721439,101.814812,0.988556,-1.614137,2.259794,-332.192902,124.909279,224.248871,3.251120,-0.359543,1.293708,54.151680,175.615738,80.988899
553,0,-0.001470,-1.973561,0.819758,-125.121910,51.076721,102.137436,0.981260,-1.642710,2.229179,-332.146698,125.028419,224.303818,3.250766,-0.359806,1.292360,54.670723,175.862518,81.103302
554,0,-0.001713,-1.977963,0.818535,-124.757607,51.443565,102.419701,0.973698,-1.671132,2.197388,-332.105865,125.145149,224.362427,3.250881,-0.359631,1.292671,55.213627,176.123367,81.205711
555,0,-0.002186,-1.973870,0.820782,-124.356407,51.800034,102.732864,0.968480,-1.691065,2.175411,-332.063873,125.256584,224.423172,3.251127,-0.360184,1.290262,55.760052,176.388062,81.319099
556,0,-0.004201,-1.977271,0.822348,-123.925789,52.163597,103.035347,0.973840,-1.674356,2.197960,-332.029022,125.379204,224.486420,3.250824,-0.360115,1.288278,56.270580,176.632904,81.406013
557,0,-0.004490,-1.973625,0.821982,-123.549309,52.517006,103.320053,0.980063,-1.653670,2.224652,-332.011932,125.494270,224.549438,3.250599,-0.360077,1.286575,56.794823,176.874268,81.490486
558,0,-0.004692,-1.976614,0.822411,-123.165001,52.875538,103.615028,0.973736,-1.679309,2.196176,-331.976990,125.610176,224.609512,3.250386,-0.360487,1.285476,57.316822,177.141403,81.603783
559,0,-0.005642,-1.973656,0.823875,-122.778091,53.226936,103.897766,0.967771,-1.701631,2.170908,-331.936890,125.725197,224.672668,3.250320,-0.359962,1.284426,57.817764,177.397110,81.698776
560,0,-0.007642,-1.975622,0.825542,-122.355453,53.583412,104.204330,0.974589,-1.678305,2.200825,-331.904114,125.829277,224.719254,3.249431,-0.359528,1.283226,58.326405,177.637085,81.777260
561,0,-0.006974,-1.972945,0.824862,-122.000755,53.918613,104.467148,0.984798,-1.641258,2.246809,-331.874329,125.932709,224.782211,3.249248,-0.359549,1.281678,58.798965,177.885437,81.855507
562,0,-0.007416,-1.974692,0.826403,-121.619400,54.284203,104.766960,0.970879,-1.694846,2.185323,-331.839081,126.051872,224.862198,3.249278,-0.359892,1.280452,59.296612,178.139221,81.944016
563,0,-0.009078,-1.972583,0.826231,-121.256310,54.610664,105.026741,0.972170,-1.691945,2.190587,-331.817352,126.157555,224.926926,3.249571,-0.359371,1.278996,59.805447,178.387848,82.036179
564,0,-0.010388,-1.974245,0.828060,-120.835434,54.957687,105.337662,0.971619,-1.695574,2.188198,-331.783630,126.264290,224.984543,3.248912,-0.359191,1.277902,60.268810,178.634064,82.112801
565,0,-0.010330,-1.972486,0.827113,-120.495956,55.290779,105.566727,0.973767,-1.687967,2.198664,-331.744476,126.357597,225.033371,3.248093,-0.358687,1.277018,60.747231,178.869446,82.166359
566,0,-0.010995,-1.973634,0.828422,-120.137474,55.627594,105.858818,0.965660,-1.718504,2.163130,-331.709473,126.459419,225.095963,3.248079,-0.358640,1.274507,61.222923,179.111649,82.246735
567,0,-0.012576,-1.971208,0.829355,-119.781685,55.949635,106.103737,0.964440,-1.725133,2.157334,-331.681915,126.576248,225.176697,3.248067,-0.358321,1.274945,61.665916,179.358200,82.334686
568,0,-0.013553,-1.972817,0.829673,-119.375473,56.299561,106.401642,0.965975,-1.722519,2.162459,-331.665527,126.674713,225.239136,3.247632,-0.357566,1.273961,62.133442,179.597702,82.406113
569,0,-0.013501,-1.971383,0.831025,-119.050766,56.620995,106.641029,0.967106,-1.720718,2.166580,-331.637390,126.771675,225.295502,3.246369,-0.358112,1.273130,62.587479,179.836273,82.461304
570,0,-0.012661,-1.971253,0.829738,-118.739990,56.939648,106.871765,0.968590,-1.716437,2.173737,-331.594727,126.869843,225.351089,3.245817,-0.357567,1.271909,63.019081,180.065872,82.515991
571,0,-0.015579,-1.970226,0.831990,-118.353432,57.287552,107.167374,0.953325,-1.769807,2.106863,-331.552094,126.954315,225.400955,3.245995,-0.357422,1.269674,63.476986,180.295792,82.580734
572,0,-0.015955,-1.970683,0.831628,-118.009125,57.601452,107.384209,0.955323,-1.765124,2.115267,-331.532806,127.050323,225.475403,3.245861,-0.357243,1.267913,63.929298,180.530991,82.652168
573,0,-0.016445,-1.970493,0.833755,-117.652969,57.943413,107.677132,0.965938,-1.732024,2.160142,-331.515045,127.155991,225.548370,3.244493,-0.356775,1.268859,64.353172,180.773010,82.706497
574,0,-0.016152,-1.969958,0.832001,-117.336792,58.260746,107.865303,0.973754,-1.706130,2.194003,-331.489899,127.257034,225.599243,3.243976,-0.356283,1.268255,64.785385,180.997818,82.750931
575,0,-0.018019,-1.967547,0.835006,-116.997505,58.605648,108.157921,0.968244,-1.728356,2.168383,-331.460144,127.344696,225.664307,3.243651,-0.355605,1.266287,65.226677,181.221100,82.798500
576,0,-0.019749,-1.968813,0.833087,-116.676964,58.906345,108.348175,0.959247,-1.760671,2.128764,-331.407074,127.430931,225.716553,3.243537,-0.355257,1.264477,65.625580,181.453064,82.849777
577,0,-0.019958,-1.967269,0.836015,-116.295822,59.251339,108.624596,0.957941,-1.766907,2.121958,-331.375885,127.526550,225.756866,3.242895,-0.354588,1.264492,66.062370,181.692123,82.907547
578,0,-0.019388,-1.969252,0.835455,-115.996964,59.563644,108.838211,0.962792,-1.752118,2.143190,-331.344482,127.612694,225.815811,3.242411,-0.354233,1.263939,66.486267,181.916550,82.950104
579,0,-0.020087,-1.966361,0.835688,-115.691681,59.881367,109.042656,0.961136,-1.761465,2.133633,-331.319214,127.721756,225.894394,3.241477,-0.354157,1.263209,66.897179,182.144318,82.989174
580,0,-0.022241,-1.967238,0.837159,-115.359283,60.223057,109.304924,0.943362,-1.823396,2.052435,-331.288879,127.824455,225.950516,3.241082,-0.353169,1.262578,67.305328,182.374527,83.014961
581,0,-0.023522,-1.966813,0.835884,-115.044487,60.521954,109.481812,0.953259,-1.792826,2.095971,-331.257599,127.908829,226.009064,3.240628,-0.352692,1.261402,67.716080,182.605286,83.035942
582,0,-0.023668,-1.964942,0.839174,-114.685524,60.854034,109.742348,0.957035,-1.780777,2.113420,-331.219696,127.990860,226.050766,3.240096,-0.353199,1.258808,68.121277,182.825195,83.070259
583,0,-0.023069,-1.966807,0.837915,-114.402519,61.172066,109.937439,0.968074,-1.743267,2.163290,-331.181671,128.083069,226.079193,3.239182,-0.352136,1.258634,68.511024,183.050491,83.109238
584,0,-0.024046,-1.961714,0.840366,-114.098679,61.488453,110.160316,0.977113,-1.711601,2.204589,-331.156219,128.175323,226.130859,3.238842,-0.351552,1.258430,68.907410,183.281311,83.135017
585,0,-0.025186,-1.964878,0.840324,-113.790337,61.811821,110.371109,0.965320,-1.758956,2.147558,-331.129791,128.282669,226.204803,3.237967,-0.350739,1.258135,69.308235,183.503143,83.140213
586,0,-0.026937,-1.964397,0.839242,-113.476700,62.119583,110.553062,0.945909,-1.827938,2.057099,-331.112274,128.374725,226.264618,3.237548,-0.350838,1.257204,69.709114,183.729492,83.156364
587,0,-0.028239,-1.962522,0.843140,-113.163223,62.440155,110.779305,0.947446,-1.824842,2.063104,-331.076630,128.463623,226.307831,3.236753,-0.350223,1.256346,70.084587,183.942917,83.161591
588,0,-0.027987,-1.964540,0.841352,-112.869652,62.760086,110.986031,0.957072,-1.793565,2.107132,-331.024841,128.549896,226.350189,3.236744,-0.349328,1.255197,70.479286,184.166748,83.175034
589,0,-0.028100,-1.959396,0.845217,-112.569962,63.080555,111.184608,0.943898,-1.838653,2.046729,-330.981110,128.629944,226.384705,3.236138,-0.349454,1.253513,70.881691,184.390747,83.180962
590,0,-0.028896,-1.961960,0.843739,-112.304955,63.387142,111.368813,0.939769,-1.853520,2.027573,-330.937317,128.712387,226.439651,3.235618,-0.348504,1.253108,71.261650,184.603592,83.189560
591,0,-0.030255,-1.961461,0.844257,-111.984001,63.712299,111.580414,0.937797,-1.862693,2.016645,-330.902100,128.814529,226.506927,3.234741,-0.348091,1.252360,71.625870,184.814774,83.196915
592,0,-0.032784,-1.958961,0.846138,-111.711159,64.028465,111.761314,0.937193,-1.867910,2.010720,-330.883240,128.912689,226.555786,3.234089,-0.347189,1.251660,71.993263,185.025970,83.195137
593,0,-0.033200,-1.963309,0.846158,-111.416260,64.345497,111.980141,0.946682,-1.841313,2.050011,-330.864410,128.994598,226.600052,3.232888,-0.346982,1.250868,72.377708,185.241760,83.183685
594,0,-0.032374,-1.957263,0.848849,-111.132385,64.665489,112.177330,0.954609,-1.817207,2.084796,-330.836945,129.084808,226.640198,3.232831,-0.346831,1.249720,72.740303,185.449951,83.181862
595,0,-0.032550,-1.959005,0.848484,-110.875496,64.962234,112.335968,0.960220,-1.798547,2.111290,-330.789886,129.155090,226.683487,3.232058,-0.346133,1.249523,73.089157,185.654190,83.173485
596,0,-0.033732,-1.959652,0.849976,-110.604553,65.291382,112.551186,0.956703,-1.812384,2.093899,-330.735260,129.241394,226.718430,3.232142,-0.345448,1.247660,73.455948,185.857803,83.166931
597,0,-0.035445,-1.956632,0.850002,-110.331520,65.591530,112.733154,0.951913,-1.829613,2.071560,-330.693176,129.316422,226.761765,3.231513,-0.345070,1.247115,73.846489,186.070175,83.151772
598,0,-0.036923,-1.959101,0.850749,-110.052277,65.900536,112.899216,0.954863,-1.823310,2.082145,-330.659241,129.412262,226.820740,3.231166,-0.344734,1.245798,74.196571,186.277924,83.141068
599,0,-0.038078,-1.957522,0.852779,-109.769630,66.222641,113.120941,0.950497,-1.841044,2.059144,-330.624420,129.497635,226.878891,3.230575,-0.343978,1.245312,74.551483,186.480331,83.131088
600,0,-0.037923,-1.955061,0.852489,-109.531013,66.529457,113.278816,0.944944,-1.862389,2.030203,-330.593323,129.580536,226.922806,3.229572,-0.343736,1.243247,74.896378,186.674454,83.109940
601,0,-0.038654,-1.957497,0.854879,-109.278122,66.838753,113.464355,0.903993,-1.981193,1.847557,-330.560425,129.667206,226.979172,3.228763,-0.343344,1.242597,75.248177,186.879440,83.073410
602,0,-0.038356,-1.954805,0.857411,-109.022537,67.155701,113.666069,0.909387,-1.968723,1.869234,-330.518829,129.750580,227.019592,3.228623,-0.343189,1.241000,75.586075,187.082108,83.050003
603,0,-0.038745,-1.954760,0.855229,-108.783012,67.446159,113.797707,0.913074,-1.959707,1.884744,-330.482788,129.823181,227.052795,3.228033,-0.342829,1.240845,75.923569,187.280365,83.016930
604,0,-0.041127,-1.954891,0.856960,-108.518318,67.763062,113.990746,0.952650,-1.843027,2.061793,-330.451416,129.906509,227.081360,3.227479,-0.342287,1.239615,76.258591,187.477249,82.980713
605,0,-0.042456,-1.953633,0.858735,-108.276871,68.075218,114.173378,0.957499,-1.828396,2.083324,-330.427612,129.988525,227.124985,3.227825,-0.341521,1.237137,76.624344,187.669083,82.952698
606,0,-0.042844,-1.953243,0.856681,-108.038216,68.369644,114.325447,0.959850,-1.823628,2.091271,-330.398773,130.078445,227.170624,3.227255,-0.341797,1.235473,76.952316,187.861984,82.918884
607,0,-0.044019,-1.954000,0.861500,-107.784348,68.686920,114.527870,0.946164,-1.871987,2.024679,-330.377533,130.168121,227.227264,3.227077,-0.341286,1.234864,77.270958,188.057983,82.889412
608,0,-0.044090,-1.951737,0.862706,-107.555664,68.982422,114.683250,0.937872,-1.900250,1.983952,-330.360046,130.247940,227.262894,3.226939,-0.341248,1.233801,77.606606,188.256256,82.867142
609,0,-0.043545,-1.951022,0.861805,-107.326294,69.276176,114.832237,0.933751,-1.914167,1.964098,-330.330505,130.319733,227.304855,3.226753,-0.341073,1.231163,77.943497,188.445251,82.841652
610,0,-0.044725,-1.949461,0.865678,-107.073227,69.598564,115.030121,0.902247,-2.001589,1.824285,-330.278137,130.400803,227.356216,3.226060,-0.341543,1.230646,78.282608,188.636703,82.790100
611,0,-0.045498,-1.951396,0.865397,-106.839134,69.890945,115.171791,0.896403,-2.016865,1.798851,-330.230103,130.461304,227.395523,3.225604,-0.340985,1.229645,78.603256,188.828949,82.754471
612,0,-0.045751,-1.949718,0.864655,-106.623131,70.178978,115.293236,0.890163,-2.032978,1.771349,-330.185425,130.540604,227.430954,3.225137,-0.340829,1.228845,78.927574,189.017212,82.702507
613,0,-0.048594,-1.947393,0.867568,-106.342964,70.497948,115.503609,0.884894,-2.046882,1.747750,-330.136688,130.620804,227.468445,3.224860,-0.340536,1.227536,79.260239,189.201019,82.654625
614,0,-0.050078,-1.949337,0.868465,-106.116867,70.777794,115.626503,0.891038,-2.034981,1.770912,-330.104462,130.695297,227.509659,3.224880,-0.340321,1.226568,79.585060,189.389252,82.598244
615,0,-0.049109,-1.948128,0.868458,-105.912048,71.062073,115.747223,0.897022,-2.023327,1.792728,-330.086212,130.769089,227.538330,3.224914,-0.340346,1.223889,79.903114,189.570343,82.550293
616,0,-0.050144,-1.946673,0.870682,-105.654716,71.378708,115.949684,0.916240,-1.976881,1.873250,-330.060883,130.867477,227.569077,3.224012,-0.340166,1.223027,80.220802,189.750763,82.491142
617,0,-0.049877,-1.947749,0.872346,-105.438622,71.669746,116.085457,0.910418,-1.994724,1.844314,-330.030792,130.942902,227.599045,3.223505,-0.340651,1.221460,80.543228,189.935211,82.426727
618,0,-0.050048,-1.946031,0.872942,-105.218643,71.953339,116.199142,0.914299,-1.987029,1.858684,-329.991333,131.011047,227.631271,3.223885,-0.340484,1.218422,80.868645,190.106369,82.373329
619,0,-0.050464,-1.943108,0.875346,-104.982811,72.247543,116.354721,0.919451,-1.974686,1.880371,-329.941742,131.089264,227.655350,3.223611,-0.340642,1.217682,81.191475,190.297653,82.308258
620,0,-0.051503,-1.945770,0.874884,-104.753983,72.530647,116.487350,0.918042,-1.979603,1.873234,-329.892334,131.159927,227.678650,3.223190,-0.340730,1.215916,81.480743,190.473053,82.251183
621,0,-0.053055,-1.946155,0.875119,-104.514915,72.809761,116.613792,0.923311,-1.966447,1.896397,-329.839142,131.233582,227.703766,3.223706,-0.340754,1.213430,81.791138,190.649780,82.194878
622,0,-0.054320,-1.941296,0.878427,-104.296677,73.094170,116.739166,0.922607,-1.969850,1.892015,-329.796661,131.297562,227.736267,3.224636,-0.341416,1.209883,82.115646,190.821426,82.128738
623,0,-0.055200,-1.942811,0.877526,-104.080330,73.372849,116.870934,0.911728,-2.001015,1.841661,-329.756805,131.365982,227.775742,3.224425,-0.341875,1.208137,82.439354,190.999756,82.053513
624,0,-0.055404,-1.944636,0.877834,-103.845047,73.650497,117.020172,0.908262,-2.012610,1.823201,-329.727295,131.441086,227.805176,3.224057,-0.342177,1.206961,82.729012,191.168396,81.983856
625,0,-0.054846,-1.940818,0.880332,-103.645271,73.927246,117.112801,0.903208,-2.027536,1.798328,-329.705811,131.516342,227.834518,3.223975,-0.342229,1.205900,83.017761,191.344528,81.916016
626,0,-0.055383,-1.939581,0.881423,-103.416801,74.193680,117.233215,0.901367,-2.033818,1.788746,-329.679901,131.588074,227.869568,3.224489,-0.342055,1.203711,83.331856,191.503067,81.844467
627,0,-0.054741,-1.941809,0.881537,-103.209023,74.462730,117.362030,0.907569,-2.020333,1.814284,-329.651337,131.657883,227.896484,3.224850,-0.343031,1.200897,83.639915,191.669754,81.759422
628,0,-0.055801,-1.940977,0.881793,-102.991104,74.726418,117.485245,0.911405,-2.012433,1.829172,-329.617401,131.724930,227.919296,3.224848,-0.343208,1.199123,83.939110,191.828339,81.679825
629,0,-0.057403,-1.938281,0.883621,-102.750061,74.992546,117.614426,0.915358,-2.003512,1.845641,-329.578857,131.784378,227.939758,3.225313,-0.343279,1.197645,84.230659,191.990219,81.607742
630,0,-0.058468,-1.938142,0.883027,-102.555748,75.232803,117.689659,0.921329,-1.988712,1.871958,-329.537811,131.843399,227.962814,3.225261,-0.343366,1.197084,84.521080,192.157547,81.532387
631,0,-0.058597,-1.939379,0.882317,-102.335098,75.488708,117.810631,0.924831,-1.980108,1.887527,-329.492371,131.903763,227.984589,3.225505,-0.344047,1.194679,84.813148,192.304932,81.451019
632,0,-0.058932,-1.938264,0.882661,-102.096657,75.761253,117.960999,0.928367,-1.972042,1.902159,-329.455353,131.966782,228.009872,3.225836,-0.344723,1.192411,85.096184,192.450363,81.361366
633,0,-0.059637,-1.935826,0.883856,-101.934853,76.001366,118.055664,0.930600,-1.967520,1.910572,-329.423889,132.026489,228.036362,3.226475,-0.344583,1.190475,85.396378,192.600662,81.278770
634,0,-0.059387,-1.935096,0.884798,-101.730705,76.245514,118.140427,0.925639,-1.983904,1.884686,-329.404602,132.090424,228.054901,3.227166,-0.345037,1.188604,85.668106,192.748306,81.210793
635,0,-0.059244,-1.936779,0.884116,-101.515274,76.488564,118.267097,0.927324,-1.981698,1.889371,-329.380035,132.155609,228.069443,3.227504,-0.345553,1.187304,85.950722,192.897263,81.125519
636,0,-0.058619,-1.935405,0.885710,-101.301399,76.739357,118.400124,0.920824,-2.001479,1.857641,-329.343628,132.215851,228.092834,3.227551,-0.346195,1.185545,86.233887,193.038727,81.033035
637,0,-0.059459,-1.933496,0.886409,-101.081635,76.971306,118.496201,0.920342,-2.004708,1.853279,-329.319702,132.276642,228.117279,3.228174,-0.347036,1.182831,86.504219,193.171860,80.947227
638,0,-0.060289,-1.933241,0.885213,-100.878326,77.190575,118.563141,0.917145,-2.014691,1.837341,-329.287170,132.334213,228.135452,3.228918,-0.347325,1.180663,86.790581,193.309341,80.861595
639,0,-0.060488,-1.933569,0.884340,-100.702202,77.411606,118.649628,0.916882,-2.016491,1.835430,-329.246155,132.393723,228.161926,3.229062,-0.347018,1.180114,87.048096,193.438980,80.780304
640,0,-0.060753,-1.931787,0.885523,-100.470474,77.663422,118.796890,0.924005,-1.998803,1.866752,-329.212250,132.447754,228.176315,3.229906,-0.347421,1.177992,87.309555,193.573166,80.690521
641,0,-0.062097,-1.930710,0.885249,-100.271103,77.904221,118.905258,0.924247,-1.999998,1.865582,-329.187561,132.511154,228.195877,3.230845,-0.348004,1.175501,87.592613,193.697922,80.593552
642,0,-0.061843,-1.930428,0.885182,-100.118423,78.121483,118.963280,0.927972,-1.991127,1.881511,-329.159607,132.564865,228.215790,3.230900,-0.349099,1.173219,87.855659,193.830688,80.505455
643,0,-0.061318,-1.929463,0.885444,-99.928719,78.340088,119.051598,0.948313,-1.932799,1.976069,-329.147034,132.635971,228.239075,3.231089,-0.349799,1.171980,88.124748,193.963181,80.408600
644,0,-0.060997,-1.929261,0.885793,-99.720573,78.575096,119.162407,0.952208,-1.921830,1.993591,-329.125488,132.688782,228.248535,3.231814,-0.349995,1.170662,88.373787,194.087296,80.315689
645,0,-0.061198,-1.929254,0.886932,-99.508331,78.825027,119.282120,0.956318,-1.910731,2.011499,-329.112457,132.753769,228.267990,3.233054,-0.350117,1.168507,88.631660,194.215668,80.221970
646,0,-0.061680,-1.927622,0.886963,-99.311447,79.035545,119.356400,0.955364,-1.916645,2.003293,-329.100494,132.829758,228.289688,3.233498,-0.350627,1.166423,88.892914,194.334793,80.122681
647,0,-0.062115,-1.928425,0.885823,-99.120262,79.236465,119.421425,0.954526,-1.921591,1.996546,-329.087341,132.896179,228.300919,3.233834,-0.351580,1.164181,89.151375,194.452393,80.023109
648,0,-0.062482,-1.927298,0.885530,-98.948875,79.464088,119.482994,0.955247,-1.922097,1.996582,-329.078583,132.960663,228.317810,3.234385,-0.352123,1.163279,89.402481,194.581299,79.921387
649,0,-0.063068,-1.924759,0.886578,-98.747772,79.698738,119.594704,0.940625,-1.969328,1.923593,-329.056152,133.020355,228.346359,3.235186,-0.352265,1.161285,89.638885,194.693741,79.816833
650,0,-0.063965,-1.925267,0.886145,-98.550293,79.931282,119.705406,0.943625,-1.962334,1.935841,-329.036377,133.091110,228.360764,3.235596,-0.352328,1.160120,89.890961,194.809036,79.709213
651,0,-0.064172,-1.925950,0.885701,-98.389847,80.144844,119.772247,0.941354,-1.970772,1.923088,-329.012726,133.142853,228.374374,3.235684,-0.352950,1.158453,90.133804,194.931702,79.604996
652,0,-0.063811,-1.925026,0.886560,-98.236107,80.356949,119.824112,0.926345,-2.014826,1.850417,-328.989166,133.201263,228.392990,3.236071,-0.353777,1.157141,90.384323,195.046371,79.497894
653,0,-0.063066,-1.923607,0.886483,-98.059738,80.575340,119.896851,0.923765,-2.022953,1.836881,-328.967224,133.249542,228.397690,3.236638,-0.354293,1.155110,90.619034,195.155502,79.389153
654,0,-0.062971,-1.922471,0.886952,-97.877762,80.802536,119.983902,0.928048,-2.012391,1.856049,-328.940247,133.303024,228.401871,3.236991,-0.354825,1.153600,90.856972,195.270370,79.270477
655,0,-0.063453,-1.922764,0.887472,-97.681282,81.019180,120.076889,0.944363,-1.967375,1.931371,-328.913544,133.368500,228.407181,3.237563,-0.354781,1.152451,91.097572,195.380203,79.153641
656,0,-0.063831,-1.923508,0.887301,-97.494690,81.230125,120.145126,0.941476,-1.977188,1.916255,-328.886963,133.429810,228.412323,3.237891,-0.354607,1.151219,91.325386,195.488190,79.033379
657,0,-0.064512,-1.923337,0.886855,-97.318176,81.443512,120.192711,0.933802,-2.000644,1.877930,-328.866638,133.487656,228.415375,3.238241,-0.355339,1.149036,91.555069,195.595764,78.917480
658,0,-0.065251,-1.921669,0.887511,-97.133324,81.663315,120.251297,0.929336,-2.015309,1.853857,-328.850067,133.553665,228.421936,3.238210,-0.356687,1.146808,91.786270,195.698776,78.799843
659,0,-0.065681,-1.918885,0.887917,-96.963699,81.882057,120.319984,0.925943,-2.025928,1.836227,-328.823883,133.605667,228.421524,3.238515,-0.357442,1.145940,92.029846,195.806824,78.667206
660,0,-0.065415,-1.917759,0.887444,-96.794464,82.086853,120.393829,0.926003,-2.027252,1.834611,-328.799042,133.658600,228.426987,3.238345,-0.357585,1.144305,92.248268,195.911407,78.544456
661,0,-0.066164,-1.919518,0.885422,-96.639290,82.298317,120.452339,0.931581,-2.013544,1.859144,-328.777527,133.713303,228.436951,3.238734,-0.357570,1.142645,92.456741,196.014725,78.431862
662,0,-0.066496,-1.920612,0.886181,-96.481247,82.519447,120.512672,0.936864,-2.000300,1.882504,-328.755829,133.770828,228.443100,3.239128,-0.357941,1.141414,92.679993,196.123062,78.315666
663,0,-0.066494,-1.919762,0.887633,-96.338501,82.727226,120.547874,0.937906,-1.999054,1.885404,-328.742645,133.826370,228.457352,3.239283,-0.358397,1.140093,92.894577,196.222122,78.190300
664,0,-0.066607,-1.916947,0.888803,-96.172752,82.939117,120.622658,0.929816,-2.023510,1.844544,-328.723267,133.881409,228.466110,3.238955,-0.359252,1.138476,93.124786,196.330627,78.066826
665,0,-0.066796,-1.915563,0.887552,-96.030342,83.146416,120.672714,0.934844,-2.011397,1.866324,-328.712280,133.937744,228.468109,3.238228,-0.359909,1.138350,93.338776,196.433060,77.937965
666,0,-0.066513,-1.914612,0.887230,-95.894264,83.358246,120.717064,0.935468,-2.011561,1.867120,-328.700226,133.997330,228.480804,3.238576,-0.359623,1.137556,93.524048,196.534012,77.818024
667,0,-0.067005,-1.914927,0.887748,-95.720490,83.567535,120.783989,0.943574,-1.990199,1.904031,-328.689667,134.052261,228.495850,3.238379,-0.359805,1.137192,93.731842,196.645889,77.684685
668,0,-0.067643,-1.915876,0.888153,-95.558609,83.791817,120.846863,0.943178,-1.992951,1.900142,-328.671967,134.103424,228.495255,3.238341,-0.360265,1.135790,93.929276,196.748978,77.559486
669,0,-0.068496,-1.915239,0.888663,-95.396248,83.992973,120.896179,0.946615,-1.984880,1.914363,-328.661530,134.156738,228.498474,3.238282,-0.360192,1.134682,94.131744,196.853348,77.443321
670,0,-0.068418,-1.913504,0.889427,-95.243927,84.199951,120.939659,0.953451,-1.966138,1.945729,-328.648804,134.213898,228.508209,3.237756,-0.361548,1.134424,94.342613,196.966370,77.310684
671,0,-0.068493,-1.911823,0.890274,-95.087753,84.411331,120.984993,0.958494,-1.952485,1.968156,-328.644501,134.269623,228.510208,3.237302,-0.361717,1.133617,94.550735,197.073166,77.173996
672,0,-0.068109,-1.910985,0.889353,-94.934937,84.616440,121.026443,0.963346,-1.939097,1.989808,-328.642944,134.313431,228.517944,3.237317,-0.362504,1.131850,94.740356,197.180573,77.041061
673,0,-0.067999,-1.910613,0.886966,-94.790237,84.822090,121.062386,0.953658,-1.971561,1.939356,-328.628265,134.366470,228.521942,3.237322,-0.363365,1.130253,94.923988,197.283157,76.911324
674,0,-0.068324,-1.910877,0.886605,-94.652840,85.015045,121.113297,0.956372,-1.964453,1.951427,-328.618622,134.405426,228.533524,3.236640,-0.363056,1.128794,95.094505,197.389236,76.784828
675,0,-0.069721,-1.910218,0.887930,-94.519913,85.223991,121.167358,0.953527,-1.975508,1.934330,-328.594788,134.459320,228.542465,3.235751,-0.362967,1.128675,95.267365,197.493805,76.648750
676,0,-0.070021,-1.909178,0.890830,-94.377762,85.445663,121.221375,0.948792,-1.990901,1.909895,-328.579468,134.497879,228.550995,3.235105,-0.363220,1.129102,95.448090,197.598633,76.500549
677,0,-0.070344,-1.907874,0.891882,-94.239700,85.652687,121.259727,0.945417,-2.002127,1.892001,-328.565186,134.539139,228.562454,3.234391,-0.363402,1.128725,95.628693,197.696960,76.367126
678,0,-0.070559,-1.908525,0.889653,-94.126480,85.852196,121.295052,0.949382,-1.991894,1.909986,-328.544250,134.579559,228.570358,3.233533,-0.363991,1.128130,95.812950,197.796280,76.233185
679,0,-0.070431,-1.907421,0.888312,-94.002502,86.052185,121.329071,0.954280,-1.977958,1.933845,-328.517944,134.629211,228.580795,3.232672,-0.364481,1.128276,95.997063,197.900467,76.093994
680,0,-0.069887,-1.906786,0.888090,-93.880333,86.257065,121.360649,0.954243,-1.980150,1.931307,-328.501251,134.680359,228.588745,3.231997,-0.364630,1.127854,96.164688,197.999802,75.967316
681,0,-0.069842,-1.905261,0.889225,-93.748230,86.468933,121.406593,0.955160,-1.978802,1.934465,-328.480621,134.719498,228.595184,3.231096,-0.364862,1.128716,96.318794,198.097641,75.836494
682,0,-0.070640,-1.904916,0.891059,-93.622330,86.681107,121.453186,0.956697,-1.975889,1.940285,-328.461121,134.764236,228.607132,3.230728,-0.364999,1.129128,96.472801,198.198090,75.702530
683,0,-0.071878,-1.905866,0.891284,-93.490227,86.884895,121.495461,0.951390,-1.993503,1.912306,-328.437408,134.807739,228.609650,3.230066,-0.365316,1.129143,96.628242,198.292908,75.572456
684,0,-0.072663,-1.905369,0.891250,-93.362358,87.089104,121.522369,0.956696,-1.978518,1.937842,-328.428802,134.847885,228.613602,3.229808,-0.365501,1.128791,96.779099,198.388184,75.434868
685,0,-0.072354,-1.903792,0.891382,-93.249359,87.286789,121.542938,0.956628,-1.980442,1.935588,-328.411011,134.895538,228.616608,3.229231,-0.365393,1.129104,96.933601,198.479218,75.297424
686,0,-0.072069,-1.902671,0.891745,-93.130203,87.491196,121.565018,0.958535,-1.976276,1.943206,-328.399109,134.940018,228.613693,3.228538,-0.365535,1.129207,97.086288,198.575684,75.162910
687,0,-0.072268,-1.901296,0.891561,-92.990929,87.699669,121.595612,0.963939,-1.961342,1.968038,-328.391541,134.981705,228.614899,3.227526,-0.365969,1.129184,97.240997,198.669891,75.025833
688,0,-0.072651,-1.900063,0.891668,-92.859360,87.897095,121.624947,0.961218,-1.971437,1.952729,-328.375305,135.018738,228.613785,3.226556,-0.366900,1.129228,97.395370,198.760681,74.884415
689,0,-0.073550,-1.899358,0.891423,-92.725418,88.093529,121.640923,0.958092,-1.983646,1.933773,-328.364380,135.065353,228.613556,3.226058,-0.367612,1.128091,97.546402,198.854431,74.750786
690,0,-0.074748,-1.898855,0.892709,-92.593414,88.300285,121.670914,0.958081,-1.985442,1.931733,-328.359039,135.110641,228.614914,3.225611,-0.368027,1.127739,97.701477,198.942520,74.610069
691,0,-0.075591,-1.899087,0.893671,-92.462578,88.510109,121.696220,0.956231,-1.992930,1.920203,-328.344482,135.151016,228.611572,3.224767,-0.368389,1.128181,97.836922,199.030945,74.475433
692,0,-0.075508,-1.899029,0.894988,-92.350227,88.709679,121.711357,0.955395,-1.997374,1.913486,-328.339478,135.193695,228.607483,3.224010,-0.368168,1.129414,97.975113,199.119247,74.341637
693,0,-0.076395,-1.898311,0.895231,-92.247330,88.902504,121.721512,0.949316,-2.017267,1.880404,-328.324005,135.234039,228.598328,3.222956,-0.368308,1.130321,98.115021,199.211151,74.215790
694,0,-0.076979,-1.897293,0.895567,-92.141998,89.097908,121.737000,0.952899,-2.008879,1.895411,-328.322327,135.279236,228.593964,3.222165,-0.368918,1.130605,98.251228,199.300766,74.088165
695,0,-0.077590,-1.896601,0.895699,-92.013397,89.312141,121.754753,0.947349,-2.026275,1.866186,-328.308716,135.319061,228.589920,3.221636,-0.368995,1.130571,98.394188,199.389236,73.965240
696,0,-0.077542,-1.895735,0.895387,-91.906540,89.508949,121.774818,0.943623,-2.038533,1.844991,-328.292206,135.353912,228.578842,3.221117,-0.369553,1.130934,98.540802,199.475967,73.839241
697,0,-0.077544,-1.893740,0.895906,-91.791573,89.706558,121.791191,0.933929,-2.066081,1.795775,-328.290436,135.397903,228.575119,3.220649,-0.370215,1.130639,98.686897,199.563019,73.710312
698,0,-0.077470,-1.892948,0.896038,-91.682381,89.903481,121.801018,0.935133,-2.064708,1.798667,-328.274414,135.438065,228.563385,3.219737,-0.370827,1.130630,98.832703,199.647064,73.591660
699,0,-0.077944,-1.893143,0.896324,-91.582497,90.097496,121.809952,0.934783,-2.066918,1.794768,-328.270325,135.476151,228.556778,3.219105,-0.371235,1.130578,98.985260,199.729614,73.469322
700,0,-0.078512,-1.893589,0.897132,-91.482239,90.290154,121.814651,0.923722,-2.095849,1.740436,-328.248840,135.505203,228.549210,3.218774,-0.371885,1.130225,99.137177,199.811890,73.340469
701,0,-0.078980,-1.893699,0.898195,-91.393875,90.479904,121.814880,0.924662,-2.095120,1.742042,-328.243347,135.550156,228.544418,3.218614,-0.372623,1.129470,99.279579,199.893372,73.214058
702,0,-0.079621,-1.892989,0.899569,-91.292213,90.667854,121.821106,0.923334,-2.099784,1.733512,-328.226044,135.589722,228.537170,3.218703,-0.373334,1.127675,99.404968,199.968109,73.098686
703,0,-0.080563,-1.891619,0.900534,-91.196518,90.845802,121.835602,0.920502,-2.108023,1.717981,-328.217407,135.628143,228.539749,3.218910,-0.373718,1.126561,99.524933,200.047714,72.984688
704,0,-0.081133,-1.890176,0.901085,-91.094803,91.033104,121.849113,0.919120,-2.112517,1.709469,-328.207306,135.661697,228.537140,3.218577,-0.374067,1.126474,99.658401,200.119705,72.863243
705,0,-0.081482,-1.889183,0.901879,-90.989960,91.224297,121.874245,0.916712,-2.119266,1.696437,-328.201447,135.694824,228.536774,3.218340,-0.374118,1.127432,99.788200,200.186401,72.748383
706,0,-0.081581,-1.889019,0.901949,-90.895706,91.408989,121.879555,0.912418,-2.130703,1.673500,-328.191467,135.732346,228.535248,3.217514,-0.374660,1.128606,99.919937,200.257233,72.630707
707,0,-0.081593,-1.888277,0.902062,-90.809425,91.579597,121.891418,0.916067,-2.123491,1.688631,-328.179535,135.766998,228.537201,3.217097,-0.375268,1.128375,100.048416,200.328217,72.519394
708,0,-0.081928,-1.888212,0.901600,-90.730202,91.747391,121.895416,0.911602,-2.134662,1.666340,-328.170258,135.804138,228.536667,3.217146,-0.375887,1.128290,100.187134,200.394684,72.406258
709,0,-0.082419,-1.887994,0.901783,-90.647217,91.921204,121.900566,0.914604,-2.129164,1.677949,-328.161926,135.840485,228.533539,3.217110,-0.376447,1.127408,100.309204,200.455841,72.307312
710,0,-0.083340,-1.888311,0.902444,-90.568176,92.098793,121.910248,0.914391,-2.130920,1.674693,-328.151947,135.874237,228.537903,3.217187,-0.376819,1.127252,100.438705,200.518890,72.206215
711,0,-0.084130,-1.887878,0.903736,-90.476753,92.267975,121.927864,0.908606,-2.145104,1.645500,-328.156586,135.909576,228.536194,3.217004,-0.377144,1.127940,100.569733,200.584671,72.099030
712,0,-0.084559,-1.886919,0.905330,-90.380516,92.441948,121.952324,0.915545,-2.131135,1.674937,-328.149323,135.943237,228.535385,3.216900,-0.377297,1.127265,100.690521,200.642929,71.994774
713,0,-0.085044,-1.885873,0.906321,-90.287857,92.601364,121.966743,0.915257,-2.132732,1.672173,-328.138275,135.974380,228.535675,3.216829,-0.377165,1.127109,100.807091,200.699188,71.894852
714,0,-0.085273,-1.884611,0.906720,-90.196991,92.761147,121.971832,0.918070,-2.127495,1.683306,-328.129913,135.999664,228.540451,3.217394,-0.376749,1.126060,100.917938,200.745712,71.795151
715,0,-0.085627,-1.884301,0.906301,-90.122147,92.908203,121.972267,0.918864,-2.127148,1.684203,-328.129242,136.033722,228.538788,3.217725,-0.377109,1.124947,101.022659,200.800476,71.703690
716,0,-0.086163,-1.884283,0.906005,-90.051842,93.066185,121.970589,0.919056,-2.127719,1.683560,-328.115387,136.066956,228.545013,3.217853,-0.377172,1.124129,101.126831,200.850128,71.607079
717,0,-0.086358,-1.884040,0.905833,-89.980911,93.229225,121.974823,0.915516,-2.136474,1.665747,-328.105286,136.092300,228.544449,3.218616,-0.377282,1.123761,101.231041,200.900482,71.507973
718,0,-0.086672,-1.883952,0.905768,-89.902908,93.376831,121.986343,0.919779,-2.128243,1.683093,-328.105988,136.116989,228.545151,3.219031,-0.377402,1.123058,101.326996,200.941025,71.423111
719,0,-0.087110,-1.883141,0.905520,-89.825546,93.527924,121.990059,0.923302,-2.121084,1.698167,-328.093689,136.144745,228.542664,3.219452,-0.377497,1.122508,101.423889,200.980820,71.332993
720,0,-0.087207,-1.882683,0.905958,-89.741364,93.672890,122.002472,0.924859,-2.118645,1.703182,-328.090027,136.173447,228.543365,3.219936,-0.378106,1.121445,101.525787,201.013565,71.247169
721,0,-0.087916,-1.882009,0.906494,-89.655777,93.821632,122.015022,0.928320,-2.111586,1.717863,-328.075684,136.200378,228.538513,3.220606,-0.378099,1.121047,101.639915,201.048813,71.160660
722,0,-0.088696,-1.881877,0.907171,-89.566399,93.967392,122.033501,0.933351,-2.100570,1.739759,-328.061798,136.226395,228.531158,3.221555,-0.378451,1.120069,101.754417,201.077438,71.073708
723,0,-0.089818,-1.882110,0.907791,-89.472496,94.110664,122.043457,0.930277,-2.109148,1.723185,-328.056244,136.247314,228.530334,3.222561,-0.379261,1.119792,101.859543,201.115387,70.984734
724,0,-0.090713,-1.882400,0.907952,-89.391335,94.246689,122.055046,0.930070,-2.110930,1.719986,-328.051880,136.269196,228.526581,3.223830,-0.379310,1.118965,101.957062,201.138885,70.910614
725,0,-0.091707,-1.882645,0.907981,-89.312843,94.378525,122.055634,0.929542,-2.112885,1.716454,-328.036743,136.292664,228.521118,3.224900,-0.379267,1.118215,102.057899,201.160645,70.838768
726,0,-0.092275,-1.882497,0.908074,-89.246346,94.508202,122.051842,0.930376,-2.111795,1.719236,-328.023895,136.312653,228.517761,3.226420,-0.379475,1.117521,102.154213,201.186768,70.776558
727,0,-0.092611,-1.882330,0.907959,-89.177475,94.629219,122.042480,0.932958,-2.107083,1.728868,-328.019989,136.343918,228.504944,3.227666,-0.379143,1.117261,102.242950,201.208435,70.702553
728,0,-0.092942,-1.881528,0.908135,-89.105881,94.752632,122.036110,0.937779,-2.095868,1.751107,-327.997131,136.360687,228.497833,3.229101,-0.379149,1.116109,102.333862,201.223831,70.640770
729,0,-0.093742,-1.881011,0.908072,-89.041931,94.874184,122.025734,0.940411,-2.090404,1.762070,-327.991150,136.387619,228.490616,3.230336,-0.379339,1.115794,102.427223,201.245361,70.574623
730,0,-0.093645,-1.880240,0.907744,-88.968208,94.993019,122.021469,0.947544,-2.073417,1.794555,-327.979797,136.410263,228.481186,3.231465,-0.379186,1.115169,102.514961,201.263718,70.507935
731,0,-0.093857,-1.879736,0.907553,-88.897011,95.107285,122.024216,0.950285,-2.067414,1.805855,-327.964355,136.438950,228.473755,3.232612,-0.379400,1.114539,102.609596,201.280563,70.441086
732,0,-0.093883,-1.878773,0.907536,-88.818489,95.221657,122.034431,0.950945,-2.066391,1.807912,-327.960083,136.456802,228.463394,3.233590,-0.379894,1.114125,102.700218,201.287216,70.385048
733,0,-0.093867,-1.878143,0.907578,-88.741837,95.332527,122.036186,0.957236,-2.050281,1.837617,-327.943237,136.480957,228.461319,3.234964,-0.380146,1.113884,102.793022,201.313034,70.318130
734,0,-0.093966,-1.877271,0.907435,-88.660736,95.445305,122.045006,0.956261,-2.053976,1.831360,-327.932770,136.505051,228.447922,3.236399,-0.380428,1.113186,102.891304,201.326035,70.260506
735,0,-0.094131,-1.877132,0.906813,-88.585289,95.548523,122.052078,0.953238,-2.062917,1.815423,-327.922058,136.523743,228.439941,3.238366,-0.380790,1.111996,102.982552,201.335434,70.197960
736,0,-0.093814,-1.877209,0.905656,-88.513611,95.656525,122.053368,0.966304,-2.027308,1.879270,-327.921326,136.546936,228.427124,3.239917,-0.380831,1.110674,103.070198,201.348129,70.143822
737,0,-0.094273,-1.876647,0.905104,-88.451889,95.758095,122.045601,0.964647,-2.033218,1.869307,-327.910767,136.566696,228.417770,3.241201,-0.381495,1.109660,103.157471,201.364410,70.089058
738,0,-0.094111,-1.876557,0.904492,-88.385345,95.859619,122.043770,0.962823,-2.039492,1.858623,-327.903931,136.584229,228.412048,3.242744,-0.381481,1.108548,103.236916,201.375702,70.033989
739,0,-0.093960,-1.875762,0.904073,-88.326385,95.960838,122.033302,0.964996,-2.034266,1.868166,-327.893585,136.607864,228.402222,3.244136,-0.381904,1.107694,103.322090,201.393494,69.980309
740,0,-0.093746,-1.875530,0.903298,-88.272179,96.053856,122.023743,0.963640,-2.039045,1.860148,-327.888245,136.622314,228.396179,3.245473,-0.381907,1.107331,103.394234,201.405991,69.930161
741,0,-0.093598,-1.874915,0.903510,-88.210800,96.141296,122.024200,0.960271,-2.049374,1.842044,-327.878235,136.640579,228.383545,3.246825,-0.381686,1.107153,103.468369,201.421204,69.873291
742,0,-0.093740,-1.874765,0.903783,-88.155571,96.230576,122.020248,0.961304,-2.047160,1.846562,-327.873108,136.651077,228.374130,3.247877,-0.381824,1.107085,103.533363,201.431229,69.822083
743,0,-0.093454,-1.874323,0.903997,-88.097511,96.315804,122.021416,0.964041,-2.040095,1.859473,-327.863678,136.667450,228.365204,3.248765,-0.381727,1.106744,103.595322,201.442657,69.780380
744,0,-0.093182,-1.873838,0.903940,-88.034904,96.401970,122.018654,0.966132,-2.034479,1.870006,-327.860046,136.685730,228.358749,3.249980,-0.381944,1.106288,103.653229,201.455231,69.735580
745,0,-0.093235,-1.873863,0.903810,-87.966393,96.488014,122.019424,0.964194,-2.040611,1.859526,-327.854462,136.695755,228.349808,3.250802,-0.382059,1.105890,103.712227,201.464996,69.699333
746,0,-0.092990,-1.873715,0.903452,-87.910538,96.568642,122.020950,0.967241,-2.031890,1.875432,-327.849915,136.703918,228.344101,3.251857,-0.382170,1.105829,103.770164,201.477463,69.662018
747,0,-0.093459,-1.873524,0.902982,-87.847755,96.650635,122.018593,0.968341,-2.029468,1.880395,-327.848450,136.715012,228.337692,3.252949,-0.382681,1.105803,103.823196,201.488525,69.619392
748,0,-0.093500,-1.873192,0.902677,-87.787750,96.728439,122.024551,0.968586,-2.028624,1.882417,-327.842957,136.720169,228.333817,3.253829,-0.383074,1.105942,103.877480,201.494675,69.578720
749,0,-0.093202,-1.872948,0.901855,-87.730385,96.805550,122.021286,0.970408,-2.023575,1.891621,-327.840759,136.725449,228.328049,3.254398,-0.383199,1.106455,103.926216,201.509354,69.540977
750,0,-0.093118,-1.872745,0.901425,-87.682785,96.875465,122.023445,0.967046,-2.034058,1.873952,-327.837799,136.735352,228.323380,3.255199,-0.383430,1.106656,103.968071,201.515457,69.507980
751,0,-0.092871,-1.872404,0.900889,-87.638695,96.951752,122.024696,0.969388,-2.027595,1.886107,-327.847748,136.739105,228.320053,3.256026,-0.383628,1.107113,104.020531,201.525681,69.472351
752,0,-0.092874,-1.872307,0.899814,-87.586304,97.031456,122.021515,0.967398,-2.033723,1.876080,-327.846375,136.743256,228.315186,3.256865,-0.383720,1.108039,104.054314,201.538177,69.430511
753,0,-0.092901,-1.871975,0.899329,-87.538124,97.101212,122.027992,0.963044,-2.046603,1.854211,-327.847504,136.743454,228.313019,3.257312,-0.384056,1.107991,104.090981,201.549957,69.395866
754,0,-0.093257,-1.871366,0.898442,-87.497635,97.171417,122.032928,0.959677,-2.056470,1.837335,-327.854858,136.750229,228.305130,3.258027,-0.384005,1.109231,104.130363,201.561600,69.356339
755,0,-0.093102,-1.871154,0.897776,-87.444542,97.244698,122.031540,0.959860,-2.055685,1.839567,-327.858063,136.753281,228.299271,3.258760,-0.384472,1.109380,104.158043,201.570908,69.319534
756,0,-0.093501,-1.871017,0.897373,-87.398705,97.320190,122.035599,0.959437,-2.057005,1.838051,-327.866089,136.755112,228.290253,3.258945,-0.384428,1.110973,104.188210,201.589050,69.279076
757,0,-0.093616,-1.870445,0.896798,-87.357643,97.386124,122.038628,0.952873,-2.075798,1.804765,-327.877808,136.759293,228.295944,3.259295,-0.384843,1.111449,104.219749,201.597305,69.245445
758,0,-0.093424,-1.870164,0.896315,-87.313728,97.463852,122.040703,0.951715,-2.079126,1.799665,-327.884033,136.760620,228.284729,3.259826,-0.384993,1.112284,104.245697,201.615479,69.212860
759,0,-0.093749,-1.869935,0.895956,-87.274704,97.541084,122.036011,0.954254,-2.072598,1.812693,-327.899872,136.755356,228.280121,3.260500,-0.385186,1.113169,104.267357,201.631195,69.174225
760,0,-0.094083,-1.869533,0.895507,-87.228897,97.617340,122.036240,0.945365,-2.096787,1.767908,-327.918884,136.755585,228.275208,3.261157,-0.385379,1.113469,104.290001,201.643463,69.136063
761,0,-0.094359,-1.868994,0.895099,-87.188026,97.695168,122.034782,0.945389,-2.096829,1.769123,-327.921967,136.757156,228.277313,3.261697,-0.385566,1.113926,104.314667,201.664703,69.098755
762,0,-0.094585,-1.868671,0.895154,-87.148766,97.778328,122.036903,0.950222,-2.084867,1.792373,-327.942596,136.760422,228.270401,3.261964,-0.385761,1.114818,104.342621,201.684692,69.062515
763,0,-0.094563,-1.868376,0.895189,-87.114449,97.857910,122.034973,0.950816,-2.083282,1.796214,-327.948639,136.760040,228.270981,3.262530,-0.385965,1.115214,104.362938,201.703720,69.026382
764,0,-0.094464,-1.867524,0.895212,-87.078583,97.937057,122.039528,0.946272,-2.095727,1.773354,-327.956085,136.760742,228.266006,3.263074,-0.385812,1.115624,104.389153,201.724548,68.988403
765,0,-0.094796,-1.867418,0.894968,-87.053017,98.013496,122.040627,0.949384,-2.087921,1.789017,-327.968353,136.762726,228.264236,3.263768,-0.385796,1.115956,104.415497,201.747574,68.951721
766,0,-0.094838,-1.866631,0.895284,-87.018173,98.098785,122.041962,0.951640,-2.083000,1.799102,-327.987305,136.771072,228.266632,3.264448,-0.385545,1.116030,104.438164,201.767380,68.910316
767,0,-0.095066,-1.866571,0.895407,-86.986038,98.184097,122.043861,0.946777,-2.096033,1.775171,-327.996918,136.769485,228.264938,3.264670,-0.385616,1.116705,104.457336,201.789520,68.867203
768,0,-0.095015,-1.866355,0.895263,-86.971298,98.262558,122.043938,0.950771,-2.086456,1.793715,-328.020508,136.769562,228.258209,3.264958,-0.385408,1.117225,104.484436,201.811035,68.827827
769,0,-0.094931,-1.866061,0.894596,-86.949287,98.347206,122.043068,0.945119,-2.101668,1.765419,-328.029449,136.768051,228.253754,3.265472,-0.385316,1.117599,104.505066,201.835876,68.792229
770,0,-0.094726,-1.865761,0.894252,-86.929344,98.436356,122.043541,0.946998,-2.097590,1.773787,-328.055267,136.767288,228.255432,3.265819,-0.385224,1.118183,104.526978,201.866531,68.753998
771,0,-0.094809,-1.865316,0.894078,-86.911087,98.525581,122.041161,0.950779,-2.087793,1.793042,-328.070862,136.762207,228.255066,3.266153,-0.384758,1.118473,104.550125,201.896683,68.718178
772,0,-0.094610,-1.865393,0.894114,-86.891815,98.618828,122.050407,0.954437,-2.078566,1.810931,-328.099426,136.763199,228.254440,3.266109,-0.384382,1.118588,104.568184,201.923309,68.682678
773,0,-0.094690,-1.865445,0.894020,-86.865929,98.723122,122.049721,0.957287,-2.072029,1.823560,-328.125458,136.765823,228.249023,3.266339,-0.384259,1.118848,104.584999,201.955215,68.644958
774,0,-0.094771,-1.864942,0.894082,-86.852829,98.813103,122.056366,0.960635,-2.062895,1.840615,-328.149567,136.761032,228.245407,3.266604,-0.383714,1.118957,104.600502,201.984665,68.609230
775,0,-0.095229,-1.865096,0.893305,-86.835701,98.912621,122.061295,0.977454,-2.013130,1.928186,-328.181671,136.769562,228.249420,3.266392,-0.383656,1.119313,104.612572,202.017426,68.569931
776,0,-0.095782,-1.864638,0.893802,-86.822525,99.007942,122.075577,0.973324,-2.026829,1.905160,-328.210510,136.766205,228.249512,3.266853,-0.383046,1.119192,104.630173,202.047165,68.530205
777,0,-0.096466,-1.864410,0.894352,-86.805786,99.104683,122.090385,0.975322,-2.022278,1.913286,-328.243195,136.774384,228.243698,3.266750,-0.382517,1.119448,104.643181,202.079361,68.496300
778,0,-0.097101,-1.864026,0.894521,-86.790901,99.193993,122.100273,0.972502,-2.031602,1.897659,-328.269867,136.770676,228.242813,3.266874,-0.382248,1.119663,104.652222,202.117599,68.457199
779,0,-0.097912,-1.864166,0.894370,-86.785187,99.286728,122.101013,0.977814,-2.016065,1.924479,-328.308380,136.774063,228.237534,3.266951,-0.381867,1.119421,104.662476,202.154160,68.417862
780,0,-0.098313,-1.863736,0.895016,-86.776360,99.390518,122.109077,0.976413,-2.021106,1.916219,-328.332703,136.773972,228.241348,3.267027,-0.381162,1.119594,104.676414,202.194199,68.380684
781,0,-0.098714,-1.863980,0.895157,-86.764915,99.490059,122.104027,0.978104,-2.017048,1.923486,-328.364349,136.777573,228.244629,3.266855,-0.380999,1.119847,104.680771,202.234131,68.344124
782,0,-0.099071,-1.863569,0.895418,-86.763596,99.599869,122.103981,0.974509,-2.029012,1.903472,-328.399017,136.773575,228.248856,3.266580,-0.380234,1.120420,104.687424,202.274658,68.304626
783,0,-0.099721,-1.863494,0.896011,-86.765244,99.703781,122.113167,0.972427,-2.035916,1.892053,-328.422302,136.780685,228.253464,3.266277,-0.379917,1.120866,104.690529,202.318817,68.267273
784,0,-0.100308,-1.862795,0.896857,-86.767967,99.808983,122.124702,0.973636,-2.033324,1.896775,-328.463989,136.785751,228.256042,3.266027,-0.379710,1.121240,104.695374,202.364426,68.230988
785,0,-0.100987,-1.862236,0.897373,-86.764473,99.913925,122.129486,0.970439,-2.043431,1.879474,-328.496948,136.783203,228.256210,3.265823,-0.379066,1.121238,104.700417,202.410614,68.193985
786,0,-0.101443,-1.862080,0.897436,-86.763954,100.018616,122.137840,0.973051,-2.035918,1.893162,-328.524963,136.782318,228.260239,3.265640,-0.378818,1.122028,104.706009,202.461075,68.155136
787,0,-0.101754,-1.861787,0.897728,-86.766235,100.117813,122.140938,0.962533,-2.068013,1.836655,-328.547943,136.788086,228.265839,3.265242,-0.377921,1.122259,104.706764,202.508362,68.120682
788,0,-0.102656,-1.861818,0.898409,-86.760948,100.220154,122.146149,0.964738,-2.061675,1.848588,-328.582550,136.785126,228.265060,3.264636,-0.377598,1.122862,104.706276,202.557144,68.085480
789,0,-0.103223,-1.861468,0.899163,-86.763138,100.334785,122.148758,0.967240,-2.054418,1.862159,-328.607849,136.779846,228.267868,3.264354,-0.376832,1.123349,104.703011,202.607758,68.050987
790,0,-0.104180,-1.861199,0.900148,-86.751099,100.443069,122.158119,0.968587,-2.050660,1.869296,-328.628052,136.782867,228.262924,3.263923,-0.376325,1.124020,104.699753,202.656174,68.017380
791,0,-0.104836,-1.860807,0.901051,-86.744308,100.548683,122.162094,0.968344,-2.051321,1.868622,-328.651367,136.776642,228.262939,3.263449,-0.375910,1.124492,104.695183,202.703781,67.986557
792,0,-0.105706,-1.860420,0.902187,-86.742874,100.654648,122.172791,0.970569,-2.045074,1.880272,-328.666534,136.774872,228.263641,3.263113,-0.375055,1.125107,104.694016,202.752548,67.951660
793,0,-0.106037,-1.860013,0.903224,-86.743713,100.761070,122.184509,0.969554,-2.047928,1.875646,-328.686646,136.771210,228.263107,3.262778,-0.374762,1.125359,104.690063,202.797913,67.918755
794,0,-0.106309,-1.860299,0.904249,-86.745392,100.870605,122.199753,0.968445,-2.051593,1.869678,-328.708710,136.771393,228.261948,3.261919,-0.374146,1.126257,104.684296,202.848465,67.882378
795,0,-0.107054,-1.860841,0.905363,-86.747688,100.976776,122.216309,0.970321,-2.046107,1.879755,-328.733826,136.760742,228.261353,3.261523,-0.373673,1.126863,104.684410,202.898026,67.846558
796,0,-0.107185,-1.860470,0.905979,-86.757790,101.077202,122.230431,0.985691,-1.996404,1.964445,-328.769501,136.760483,228.265244,3.261051,-0.373139,1.127581,104.678406,202.946808,67.813980
797,0,-0.107373,-1.860873,0.906191,-86.762695,101.179588,122.237457,0.984740,-2.000055,1.958813,-328.792877,136.758713,228.255646,3.260399,-0.372749,1.128273,104.675186,202.996918,67.777473
798,0,-0.107765,-1.860407,0.907036,-86.773949,101.285835,122.251122,0.985007,-1.998701,1.961481,-328.814636,136.755280,228.256271,3.259675,-0.372348,1.128850,104.672523,203.044266,67.746292
799,0,-0.107961,-1.859567,0.907920,-86.784164,101.391548,122.258347,0.985951,-1.995858,1.966589,-328.844055,136.753494,228.253769,3.259331,-0.371708,1.129068,104.668457,203.094788,67.714386
800,0,-0.107994,-1.858569,0.908168,-86.790535,101.495361,122.264992,0.981752,-2.009980,1.943684,-328.868469,136.749069,228.256546,3.258799,-0.371161,1.129689,104.667404,203.138931,67.679047
801,0,-0.108494,-1.858375,0.908204,-86.807129,101.592415,122.269798,0.979512,-2.017593,1.931353,-328.893463,136.750534,228.252945,3.258516,-0.370781,1.129640,104.668243,203.185760,67.654167
802,0,-0.108474,-1.857767,0.908406,-86.819977,101.688171,122.271179,0.980064,-2.015614,1.935172,-328.920105,136.745514,228.250229,3.258026,-0.370312,1.130007,104.665703,203.233749,67.622269
803,0,-0.109007,-1.858237,0.908618,-86.824333,101.789497,122.285194,0.980615,-2.013732,1.938840,-328.942017,136.745468,228.251389,3.257753,-0.370151,1.130348,104.664619,203.281693,67.597969
804,0,-0.109477,-1.857921,0.908696,-86.837654,101.880142,122.290367,0.977329,-2.024656,1.920555,-328.970612,136.742493,228.245834,3.257533,-0.369839,1.130452,104.666779,203.329208,67.565033
805,0,-0.110035,-1.857690,0.909097,-86.843338,101.974075,122.297401,0.973569,-2.036587,1.900493,-328.991760,136.743149,228.243637,3.257112,-0.369706,1.130705,104.663269,203.372818,67.536118
806,0,-0.110524,-1.857581,0.909134,-86.841866,102.066040,122.301743,0.971454,-2.043307,1.889157,-329.016998,136.741501,228.244156,3.256873,-0.369174,1.130795,104.657509,203.419662,67.506279
807,0,-0.111213,-1.856711,0.909621,-86.837898,102.159737,122.315506,0.973822,-2.036675,1.901003,-329.049316,136.749634,228.241104,3.256759,-0.368778,1.130996,104.658997,203.464874,67.472084
808,0,-0.111660,-1.856627,0.909866,-86.839432,102.251434,122.329369,0.977531,-2.025140,1.921070,-329.078949,136.754120,228.237259,3.256381,-0.368245,1.130829,104.656273,203.516510,67.446266
809,0,-0.111817,-1.856281,0.909996,-86.845306,102.348885,122.333092,0.974519,-2.035463,1.903685,-329.113037,136.754807,228.237076,3.256063,-0.368015,1.131233,104.657631,203.557999,67.414291
810,0,-0.112062,-1.856439,0.910354,-86.844582,102.437180,122.351959,0.970672,-2.047806,1.882480,-329.145081,136.749863,228.237457,3.255778,-0.367333,1.131067,104.653000,203.599594,67.382149
811,0,-0.112249,-1.856347,0.910516,-86.847725,102.522987,122.365723,0.964545,-2.066884,1.848673,-329.180084,136.756699,228.237320,3.255601,-0.366520,1.131089,104.649902,203.642090,67.348114
812,0,-0.112386,-1.855856,0.911209,-86.853439,102.610229,122.377731,0.968668,-2.055089,1.869879,-329.216125,136.754776,228.232498,3.255317,-0.366424,1.131345,104.646538,203.684601,67.316818
813,0,-0.112617,-1.855586,0.911692,-86.852043,102.690544,122.394485,0.971654,-2.046818,1.884830,-329.253143,136.761551,228.229660,3.254981,-0.365552,1.131344,104.640358,203.724594,67.289497
814,0,-0.112881,-1.855725,0.912790,-86.848991,102.772339,122.413109,0.973388,-2.042194,1.893131,-329.288513,136.761703,228.226578,3.254761,-0.365310,1.131413,104.635155,203.760818,67.260925
815,0,-0.113171,-1.855829,0.913803,-86.845688,102.856491,122.431358,0.973756,-2.041509,1.894530,-329.322113,136.763290,228.227325,3.254409,-0.364928,1.131704,104.629494,203.799820,67.231316
816,0,-0.113745,-1.855647,0.914758,-86.855621,102.934502,122.447502,0.974020,-2.041786,1.894325,-329.360046,136.765747,228.226776,3.254185,-0.364588,1.131535,104.621689,203.837860,67.205246
817,0,-0.114568,-1.855533,0.915529,-86.862320,103.013206,122.469398,0.966354,-2.064746,1.854032,-329.385162,136.756287,228.229813,3.253780,-0.364184,1.131841,104.620071,203.873245,67.181084
818,0,-0.114795,-1.855248,0.916233,-86.869965,103.087997,122.483856,0.969127,-2.056671,1.868797,-329.424408,136.754669,228.231613,3.253356,-0.363768,1.132402,104.612900,203.909348,67.152237
819,0,-0.115304,-1.855158,0.916459,-86.879372,103.163834,122.494194,0.971918,-2.048485,1.883381,-329.468658,136.752090,228.230148,3.252921,-0.363592,1.132996,104.605057,203.947388,67.127762
820,0,-0.115749,-1.854773,0.916892,-86.887772,103.230354,122.506760,0.988635,-1.994286,1.975326,-329.512085,136.756119,228.228622,3.252755,-0.363179,1.132707,104.600044,203.980637,67.103058
821,0,-0.115813,-1.854357,0.917302,-86.909142,103.299042,122.519897,0.987460,-1.998499,1.968714,-329.551025,136.750412,228.234863,3.252360,-0.363078,1.132967,104.592987,204.017181,67.077354
822,0,-0.116034,-1.853823,0.917655,-86.924500,103.366127,122.531517,0.987885,-1.997208,1.971162,-329.584198,136.754044,228.234802,3.251802,-0.363053,1.133232,104.582474,204.054901,67.053635
823,0,-0.115946,-1.853243,0.917911,-86.940559,103.438042,122.542839,0.988464,-1.994936,1.975143,-329.627106,136.745560,228.244888,3.251706,-0.362693,1.133172,104.576035,204.087021,67.029533
824,0,-0.116177,-1.852583,0.918197,-86.958443,103.509567,122.566727,0.990957,-1.986100,1.989718,-329.661285,136.743378,228.244461,3.251037,-0.362650,1.133591,104.569092,204.123688,67.005913
825,0,-0.116282,-1.851616,0.918994,-86.978333,103.578735,122.589615,0.988899,-1.992950,1.979071,-329.697815,136.738632,228.251022,3.250992,-0.362346,1.133487,104.562027,204.156570,66.984200
826,0,-0.116026,-1.851494,0.919379,-86.989532,103.654236,122.612404,0.984796,-2.006561,1.957188,-329.736145,136.730804,228.258774,3.250624,-0.362258,1.133757,104.553589,204.196472,66.958481
827,0,-0.115957,-1.851182,0.919332,-87.015335,103.717491,122.633842,0.983971,-2.009102,1.953234,-329.773163,136.731171,228.260895,3.250241,-0.362442,1.133864,104.545609,204.232483,66.933517
828,0,-0.116159,-1.850916,0.919472,-87.028908,103.785583,122.658409,0.981186,-2.018668,1.937789,-329.805237,136.726532,228.270905,3.250145,-0.362082,1.133821,104.535820,204.265442,66.916435
829,0,-0.116095,-1.851165,0.919289,-87.039009,103.845245,122.673645,0.977414,-2.030549,1.918101,-329.834625,136.717972,228.273285,3.249982,-0.362110,1.133653,104.527962,204.296509,66.895012
830,0,-0.116631,-1.851085,0.919052,-87.043716,103.905296,122.686874,0.980782,-2.019304,1.937661,-329.870178,136.712708,228.279770,3.249752,-0.362154,1.133507,104.519524,204.330704,66.871590
831,0,-0.116982,-1.851168,0.919507,-87.056442,103.967178,122.709030,0.978523,-2.026381,1.926092,-329.903107,136.712418,228.283829,3.249584,-0.361890,1.133228,104.516922,204.361160,66.852585
832,0,-0.117254,-1.850594,0.919859,-87.064232,104.030098,122.730392,0.976106,-2.033823,1.913637,-329.930298,136.702072,228.285583,3.249626,-0.362231,1.133381,104.509148,204.394592,66.830391
833,0,-0.117343,-1.850951,0.920018,-87.073776,104.094284,122.755096,0.974792,-2.038206,1.906520,-329.959656,136.697601,228.285706,3.249537,-0.362307,1.133163,104.507751,204.428146,66.811615
834,0,-0.117782,-1.850552,0.920386,-87.085770,104.157455,122.777946,0.973797,-2.040841,1.902288,-329.993103,136.689667,228.289139,3.249692,-0.362195,1.132771,104.505264,204.456360,66.794037
835,0,-0.117950,-1.850986,0.920358,-87.090851,104.222298,122.796944,0.976074,-2.033630,1.915043,-330.023346,136.689926,228.285767,3.249743,-0.362734,1.132692,104.506226,204.488937,66.773300
836,0,-0.117587,-1.850672,0.920936,-87.100700,104.280640,122.821846,0.977844,-2.027737,1.925502,-330.055573,136.686218,228.285126,3.249845,-0.362775,1.132474,104.500908,204.514862,66.755753
837,0,-0.117623,-1.851374,0.920857,-87.111565,104.340561,122.842125,0.981437,-2.015772,1.945960,-330.084717,136.681671,228.286407,3.250004,-0.362881,1.131960,104.505783,204.549484,66.734238
838,0,-0.118066,-1.851107,0.921420,-87.121445,104.405182,122.866135,0.983408,-2.008986,1.957494,-330.129730,136.680725,228.286118,3.249796,-0.362907,1.131755,104.503525,204.573975,66.715668
839,0,-0.118116,-1.850987,0.921746,-87.136093,104.467194,122.890854,0.985203,-2.003664,1.966720,-330.172638,136.684738,228.282074,3.249784,-0.363186,1.131042,104.499519,204.609482,66.700478
840,0,-0.118598,-1.851536,0.922290,-87.155975,104.525375,122.915779,0.988530,-1.991431,1.986995,-330.221130,136.672424,228.284149,3.249923,-0.363228,1.130646,104.497383,204.633759,66.681412
841,0,-0.118524,-1.851319,0.922736,-87.172165,104.581169,122.934372,0.994217,-1.970468,2.020831,-330.262421,136.668045,228.282913,3.250014,-0.363411,1.130387,104.497009,204.666214,66.663582
842,0,-0.119192,-1.851134,0.923312,-87.193283,104.637169,122.954536,0.992337,-1.977816,2.009537,-330.306244,136.669220,228.286026,3.250173,-0.363826,1.129925,104.497025,204.692947,66.646149
843,0,-0.119320,-1.851049,0.923548,-87.214088,104.692970,122.973351,0.996977,-1.959859,2.038082,-330.352264,136.665802,228.285904,3.250174,-0.363982,1.129871,104.493668,204.721588,66.623985
844,0,-0.119625,-1.850002,0.924427,-87.227463,104.750122,122.990715,0.994092,-1.971937,2.019718,-330.393951,136.667419,228.287643,3.250115,-0.364439,1.129042,104.484680,204.750122,66.607414
845,0,-0.119728,-1.849267,0.924841,-87.256744,104.802757,123.000542,0.996680,-1.962252,2.035193,-330.437775,136.655350,228.296097,3.250324,-0.364262,1.128525,104.484840,204.776947,66.592751
846,0,-0.120062,-1.848479,0.925388,-87.283058,104.861320,123.019066,0.999179,-1.952348,2.050756,-330.483124,136.658920,228.297836,3.250463,-0.364592,1.128052,104.473274,204.804474,66.574318
847,0,-0.120392,-1.848157,0.925789,-87.317642,104.915764,123.042816,1.002904,-1.937577,2.073473,-330.536713,136.656723,228.307205,3.250507,-0.364553,1.127542,104.469536,204.836914,66.556801
848,0,-0.120614,-1.847899,0.926217,-87.347954,104.971420,123.063698,1.005569,-1.927373,2.089062,-330.583771,136.656326,228.310028,3.250576,-0.364981,1.126878,104.459862,204.862167,66.545013
849,0,-0.120591,-1.847931,0.926273,-87.380638,105.026993,123.078651,1.003368,-1.936810,2.075093,-330.628845,136.655106,228.315475,3.250880,-0.365378,1.126240,104.457565,204.897079,66.529175
850,0,-0.120474,-1.848143,0.926339,-87.418800,105.081161,123.100441,1.001289,-1.945011,2.062954,-330.668304,136.647415,228.317963,3.250947,-0.365403,1.126082,104.450249,204.923248,66.513763
851,0,-0.119999,-1.848369,0.926592,-87.446434,105.134369,123.116325,0.998241,-1.956902,2.045037,-330.713531,136.645569,228.323349,3.250860,-0.365528,1.125772,104.445976,204.952881,66.497154
852,0,-0.120025,-1.848602,0.926753,-87.473282,105.185692,123.141785,1.000582,-1.947128,2.060426,-330.755249,136.635483,228.325012,3.250644,-0.365796,1.125731,104.436302,204.979889,66.487320
853,0,-0.120245,-1.848236,0.926886,-87.497826,105.235886,123.161461,0.998436,-1.955245,2.048324,-330.795868,136.625122,228.329117,3.250573,-0.365725,1.125000,104.430847,205.011963,66.474159
854,0,-0.120366,-1.848120,0.926969,-87.519791,105.288025,123.188065,0.996032,-1.964371,2.034416,-330.836609,136.618149,228.327194,3.250579,-0.366065,1.124818,104.417656,205.042114,66.460777
855,0,-0.120475,-1.848320,0.926985,-87.544937,105.332741,123.213676,0.992514,-1.977603,2.014067,-330.873871,136.605316,228.333145,3.250448,-0.365928,1.124177,104.408287,205.069611,66.450981
856,0,-0.120598,-1.847695,0.927511,-87.568390,105.385574,123.238434,0.982906,-2.011361,1.959831,-330.913391,136.590561,228.340378,3.250439,-0.366152,1.123577,104.398460,205.099533,66.438980
857,0,-0.120951,-1.847707,0.927807,-87.581337,105.433807,123.266823,0.979814,-2.021687,1.943151,-330.942322,136.585236,228.344193,3.250427,-0.366338,1.123344,104.390030,205.130966,66.432266
858,0,-0.120875,-1.847824,0.927935,-87.595581,105.482559,123.293823,0.976874,-2.030940,1.927930,-330.985474,136.570908,228.346817,3.250306,-0.366313,1.122771,104.376648,205.160156,66.422798
859,0,-0.121119,-1.848149,0.928373,-87.611115,105.527138,123.324951,0.975484,-2.036228,1.919203,-331.035339,136.570038,228.350281,3.250137,-0.366315,1.122799,104.364418,205.190430,66.412582
860,0,-0.121228,-1.848101,0.928208,-87.633141,105.579651,123.353683,0.977773,-2.027716,1.933845,-331.074127,136.559982,228.353806,3.249808,-0.366565,1.122343,104.351425,205.217682,66.404228
861,0,-0.121762,-1.848238,0.928617,-87.652771,105.624016,123.383705,0.977473,-2.028253,1.933427,-331.117401,136.552032,228.355637,3.249931,-0.366739,1.121722,104.340408,205.252289,66.392853
862,0,-0.121891,-1.848526,0.928784,-87.670250,105.673836,123.413673,0.980909,-2.016332,1.953860,-331.157379,136.548660,228.361130,3.250014,-0.366601,1.121290,104.326660,205.278671,66.377106
863,0,-0.121747,-1.848460,0.928888,-87.700958,105.720284,123.445259,0.977905,-2.026142,1.937555,-331.194061,136.533127,228.361328,3.249660,-0.366813,1.121051,104.314323,205.309052,66.366676
864,0,-0.121790,-1.848410,0.929163,-87.732224,105.768684,123.473282,0.981449,-2.013726,1.958611,-331.244171,136.519211,228.367676,3.249586,-0.366786,1.120834,104.302704,205.336121,66.360313
865,0,-0.121824,-1.848479,0.929570,-87.756752,105.814194,123.503502,0.996012,-1.959930,2.044881,-331.295471,136.522034,228.367569,3.249375,-0.366746,1.120704,104.289169,205.369614,66.346611
866,0,-0.121766,-1.847747,0.929885,-87.783234,105.861656,123.524300,0.999085,-1.947455,2.064106,-331.341919,136.513092,228.367599,3.249207,-0.366868,1.120418,104.275810,205.399872,66.338127
867,0,-0.121705,-1.847225,0.930024,-87.813057,105.905190,123.546387,1.001543,-1.937050,2.080010,-331.383942,136.510620,228.368118,3.249060,-0.366680,1.119947,104.270813,205.433350,66.327850
868,0,-0.121713,-1.846733,0.930350,-87.846764,105.944824,123.565567,1.004071,-1.927122,2.094949,-331.444550,136.506790,228.369507,3.248900,-0.366806,1.119297,104.258858,205.465469,66.319778
869,0,-0.121920,-1.846271,0.930513,-87.885605,105.990372,123.581406,1.004022,-1.927346,2.094892,-331.487061,136.502426,228.366699,3.248821,-0.366999,1.119277,104.247444,205.497940,66.309494
870,0,-0.122627,-1.845900,0.930730,-87.918037,106.031525,123.599037,1.005519,-1.921387,2.103744,-331.539642,136.497910,228.366791,3.248775,-0.366659,1.119030,104.239487,205.526978,66.302307
871,0,-0.122981,-1.845779,0.931027,-87.953842,106.073059,123.615120,1.010143,-1.900862,2.133676,-331.590271,136.492294,228.370010,3.248581,-0.366603,1.118682,104.226219,205.556580,66.293602
872,0,-0.123156,-1.845942,0.931295,-87.984627,106.115097,123.627670,1.010241,-1.900432,2.134564,-331.636536,136.489365,228.369965,3.248305,-0.366780,1.118431,104.210098,205.587921,66.284241
873,0,-0.123224,-1.846202,0.931605,-88.014595,106.158562,123.648529,1.008015,-1.911923,2.118019,-331.694763,136.488312,228.368271,3.248046,-0.366751,1.118434,104.199097,205.620193,66.275192
874,0,-0.122958,-1.846426,0.931691,-88.050606,106.195213,123.663918,0.996437,-1.960088,2.046126,-331.736176,136.477783,228.371765,3.247986,-0.367021,1.118115,104.190437,205.656876,66.266197
875,0,-0.122789,-1.846597,0.931635,-88.085953,106.243217,123.674850,0.993722,-1.971166,2.029028,-331.778137,136.473663,228.369446,3.247739,-0.367325,1.117604,104.181129,205.688110,66.260628
876,0,-0.122951,-1.846441,0.931913,-88.115929,106.285080,123.692383,0.989719,-1.986433,2.005103,-331.822296,136.468536,228.367035,3.247556,-0.367234,1.117289,104.169014,205.714645,66.249863
877,0,-0.122950,-1.846256,0.932082,-88.142281,106.321777,123.710670,0.982512,-2.011807,1.964110,-331.849548,136.456314,228.363724,3.247422,-0.366780,1.116917,104.160782,205.751053,66.247238
878,0,-0.122426,-1.846265,0.932137,-88.174973,106.362526,123.723686,0.980559,-2.018709,1.952880,-331.884796,136.452423,228.358902,3.247310,-0.366985,1.116730,104.152916,205.774261,66.234993
879,0,-0.122531,-1.845948,0.932646,-88.203995,106.405602,123.742805,0.979894,-2.021106,1.948966,-331.924072,136.446350,228.352432,3.247160,-0.366954,1.116196,104.139854,205.802628,66.230934
880,0,-0.122790,-1.846267,0.933002,-88.236557,106.440254,123.763107,0.980905,-2.017924,1.954372,-331.964355,136.441559,228.350235,3.247034,-0.366942,1.116270,104.132675,205.835342,66.220924
881,0,-0.122813,-1.846688,0.933522,-88.248734,106.480774,123.785980,0.983078,-2.010319,1.967206,-332.000000,136.438782,228.346298,3.247088,-0.366726,1.115557,104.124191,205.864609,66.220123
882,0,-0.123095,-1.846720,0.934048,-88.269577,106.514297,123.801071,0.984916,-2.003558,1.978515,-332.031982,136.429245,228.345169,3.247090,-0.366994,1.115293,104.107841,205.893311,66.215714
883,0,-0.123394,-1.846828,0.934512,-88.294289,106.552208,123.826469,0.994729,-1.966282,2.037862,-332.076935,136.422760,228.342072,3.246660,-0.367256,1.114973,104.099884,205.923538,66.213341
884,0,-0.124012,-1.846567,0.935034,-88.316612,106.591751,123.847130,0.997139,-1.956987,2.052421,-332.123260,136.419296,228.342255,3.246556,-0.367509,1.114211,104.083664,205.953125,66.216194
885,0,-0.124166,-1.846313,0.935333,-88.346245,106.626602,123.862335,1.000219,-1.943321,2.073402,-332.159546,136.407776,228.337830,3.246794,-0.367504,1.113661,104.074959,205.970551,66.216568
886,0,-0.124555,-1.846569,0.935488,-88.380547,106.658607,123.884674,1.005303,-1.921148,2.106619,-332.197205,136.402924,228.336212,3.246346,-0.367795,1.113497,104.066002,206.002060,66.222038
887,0,-0.124468,-1.847011,0.935911,-88.405266,106.698242,123.905449,1.007419,-1.911984,2.120067,-332.248444,136.395309,228.336029,3.246000,-0.367722,1.113089,104.047127,206.027466,66.228539
888,0,-0.124537,-1.847464,0.935930,-88.440849,106.729439,123.934616,1.007249,-1.912549,2.119201,-332.295105,136.389313,228.332809,3.245974,-0.367977,1.112225,104.031708,206.051193,66.232193
889,0,-0.124889,-1.847520,0.936268,-88.474327,106.765266,123.956352,1.004969,-1.922121,2.105155,-332.342255,136.380997,228.331696,3.245690,-0.368092,1.111922,104.021469,206.071793,66.241516
890,0,-0.124757,-1.847667,0.936413,-88.509216,106.798203,123.973473,1.003406,-1.929595,2.094160,-332.395599,136.373779,228.329727,3.245469,-0.367906,1.111710,104.006584,206.097595,66.245667
891,0,-0.125267,-1.848313,0.936128,-88.550369,106.823349,123.991203,0.999984,-1.943477,2.073500,-332.435028,136.363846,228.328293,3.245205,-0.368309,1.110926,103.988174,206.115906,66.252243
892,0,-0.125132,-1.848208,0.935999,-88.597939,106.856422,124.007034,0.993628,-1.969968,2.032631,-332.489563,136.361069,228.325027,3.245077,-0.368272,1.111059,103.977425,206.138062,66.256676
893,0,-0.125371,-1.848471,0.935840,-88.642975,106.882599,124.024414,0.990075,-1.983946,2.010512,-332.531647,136.353439,228.322372,3.244776,-0.368410,1.110578,103.958931,206.157471,66.266525
894,0,-0.125668,-1.848199,0.936150,-88.683289,106.911415,124.043289,0.988067,-1.992093,1.997348,-332.571686,136.350616,228.314377,3.244759,-0.368422,1.110430,103.939369,206.178833,66.275383
895,0,-0.125394,-1.847980,0.935805,-88.729477,106.939880,124.062576,0.988736,-1.990182,2.000270,-332.618927,136.341385,228.311035,3.244288,-0.368686,1.110074,103.924294,206.199615,66.281067
896,0,-0.125628,-1.847645,0.936043,-88.770889,106.962570,124.076309,0.989351,-1.987582,2.004541,-332.657654,136.339111,228.308044,3.244072,-0.368946,1.109827,103.908340,206.220490,66.291687
897,0,-0.125585,-1.847616,0.936028,-88.804405,106.990967,124.091240,0.991233,-1.980658,2.015657,-332.703186,136.330521,228.305542,3.243994,-0.368629,1.109622,103.894142,206.239655,66.300072
898,0,-0.125481,-1.847292,0.936330,-88.840271,107.015221,124.113297,0.996654,-1.959459,2.048836,-332.747772,136.332306,228.302017,3.243666,-0.368917,1.109486,103.878273,206.258438,66.303726
899,0,-0.125504,-1.846998,0.936535,-88.868668,107.043045,124.127228,0.999554,-1.947725,2.066931,-332.782867,136.329300,228.296600,3.243608,-0.368714,1.109054,103.864487,206.277069,66.318077
900,0,-0.125623,-1.846999,0.936551,-88.897537,107.070099,124.142128,1.002406,-1.936185,2.084160,-332.829712,136.318451,228.290848,3.243251,-0.368989,1.109068,103.853088,206.294250,66.325356
901,0,-0.125859,-1.847414,0.936682,-88.924156,107.095490,124.152229,1.004299,-1.928370,2.095948,-332.864349,136.316605,228.282104,3.243207,-0.369061,1.108901,103.844650,206.313797,66.330605
902,0,-0.126298,-1.847201,0.936958,-88.948029,107.123970,124.176186,1.006561,-1.917493,2.112204,-332.896545,136.311600,228.279022,3.242870,-0.369132,1.108709,103.832291,206.331070,66.337074
903,0,-0.126529,-1.847296,0.936502,-88.969582,107.155792,124.192436,1.008441,-1.908494,2.125441,-332.928528,136.310852,228.272324,3.242671,-0.369309,1.108863,103.825172,206.348175,66.349503
904,0,-0.126692,-1.847531,0.936676,-88.996941,107.179672,124.209106,1.006029,-1.919055,2.110164,-332.962433,136.300720,228.267502,3.242495,-0.369346,1.108854,103.815552,206.363937,66.353142
905,0,-0.126728,-1.847443,0.936600,-89.022987,107.205818,124.223999,1.004206,-1.926737,2.098962,-332.991760,136.299210,228.260498,3.242322,-0.369332,1.108669,103.807739,206.378082,66.359352
906,0,-0.126566,-1.847601,0.936300,-89.048210,107.228973,124.242622,1.000589,-1.941199,2.077744,-333.013763,136.293243,228.254639,3.242332,-0.369538,1.108689,103.800980,206.395096,66.367485
907,0,-0.126491,-1.847638,0.936544,-89.071953,107.250977,124.254395,0.997564,-1.953266,2.059495,-333.040802,136.286682,228.249130,3.242131,-0.369784,1.108083,103.793564,206.408768,66.377449
908,0,-0.126300,-1.847540,0.936653,-89.095215,107.274117,124.271935,0.995510,-1.962075,2.046209,-333.072296,136.281326,228.249313,3.241933,-0.370062,1.108037,103.787407,206.424530,66.385277
909,0,-0.126157,-1.847682,0.936694,-89.124413,107.298515,124.291100,0.995592,-1.961354,2.047465,-333.098816,136.274048,228.248413,3.241667,-0.369922,1.108151,103.780602,206.441132,66.393288
910,0,-0.126203,-1.847655,0.936603,-89.153366,107.319427,124.308838,1.000139,-1.942961,2.075456,-333.131866,136.270035,228.235489,3.241669,-0.370217,1.108269,103.774902,206.455505,66.399956
911,0,-0.126357,-1.847533,0.937041,-89.186203,107.343842,124.329285,0.997616,-1.954659,2.057742,-333.173737,136.266357,228.227448,3.241477,-0.370225,1.108106,103.769409,206.467697,66.412109
912,0,-0.126545,-1.847566,0.937100,-89.216133,107.364639,124.347038,0.994431,-1.967512,2.038086,-333.204346,136.257828,228.224228,3.241404,-0.370466,1.108048,103.761154,206.479980,66.419655
913,0,-0.126353,-1.847395,0.937461,-89.245613,107.390251,124.364098,0.992472,-1.975210,2.026018,-333.237579,136.248016,228.219238,3.241284,-0.370572,1.107803,103.750526,206.492828,66.429153
914,0,-0.126750,-1.847156,0.937740,-89.283249,107.414955,124.382851,0.994989,-1.966050,2.040493,-333.283569,136.244415,228.216751,3.241313,-0.370347,1.107342,103.738792,206.506287,66.437538
915,0,-0.127000,-1.847465,0.938174,-89.314499,107.436218,124.404526,0.998339,-1.952654,2.061149,-333.320282,136.234207,228.207397,3.241063,-0.370570,1.107531,103.729546,206.520996,66.447739
916,0,-0.127431,-1.847129,0.938766,-89.347092,107.462967,124.422005,1.011022,-1.896573,2.143898,-333.364349,136.223404,228.200760,3.241083,-0.370790,1.107098,103.713692,206.534698,66.455757
917,0,-0.127830,-1.847177,0.939180,-89.378136,107.485825,124.441734,1.013526,-1.885170,2.160294,-333.412628,136.213394,228.201477,3.241012,-0.370614,1.107035,103.703506,206.549561,66.462265
918,0,-0.128029,-1.847509,0.939400,-89.409546,107.508339,124.458260,1.015204,-1.876571,2.172661,-333.450256,136.204102,228.195862,3.240705,-0.370885,1.107101,103.687592,206.558075,66.468994
919,0,-0.128090,-1.847242,0.939800,-89.443680,107.531418,124.480103,1.017030,-1.866863,2.186344,-333.492828,136.190506,228.196014,3.240406,-0.371072,1.106794,103.671524,206.569366,66.478035
920,0,-0.128423,-1.847612,0.939994,-89.477379,107.555046,124.501945,1.015282,-1.874734,2.175745,-333.531769,136.175629,228.192673,3.240379,-0.371242,1.107083,103.663254,206.585510,66.482010
921,0,-0.128628,-1.847497,0.940282,-89.502373,107.576485,124.523956,1.015164,-1.874329,2.176573,-333.567535,136.161041,228.190384,3.240103,-0.371437,1.106742,103.643906,206.594803,66.488556
922,0,-0.128831,-1.847693,0.940187,-89.536942,107.596878,124.550072,1.014555,-1.877267,2.172850,-333.600616,136.150314,228.188828,3.239904,-0.371360,1.106632,103.628922,206.607361,66.495293
923,0,-0.128881,-1.847804,0.940837,-89.562904,107.627731,124.578606,1.013933,-1.879397,2.170153,-333.635620,136.140274,228.190155,3.239794,-0.371354,1.106493,103.619850,206.616592,66.506470
924,0,-0.128993,-1.847829,0.940971,-89.588829,107.651909,124.603218,1.012285,-1.886811,2.160165,-333.671814,136.123138,228.190643,3.239634,-0.371254,1.106486,103.606987,206.630859,66.510918
925,0,-0.128779,-1.848677,0.941046,-89.617989,107.674561,124.627449,1.011576,-1.889457,2.156787,-333.702393,136.109024,228.192398,3.239317,-0.371504,1.106422,103.594284,206.643799,66.516029
926,0,-0.128530,-1.848753,0.941570,-89.635895,107.697868,124.655060,1.011065,-1.892012,2.153404,-333.737488,136.096756,228.193771,3.239420,-0.371314,1.106137,103.586609,206.653137,66.522980
927,0,-0.128740,-1.848925,0.941867,-89.665451,107.722389,124.680016,1.009484,-1.898402,2.144660,-333.766724,136.084244,228.199219,3.239315,-0.371379,1.106238,103.576828,206.665314,66.529320
928,0,-0.128659,-1.848611,0.942232,-89.682098,107.748924,124.709839,1.006901,-1.910278,2.127931,-333.803406,136.070557,228.198135,3.239337,-0.371543,1.106080,103.563530,206.675247,66.536766
929,0,-0.128744,-1.848166,0.942464,-89.702026,107.769806,124.732750,1.007827,-1.905332,2.135434,-333.831512,136.057190,228.198105,3.239175,-0.371527,1.106172,103.552338,206.681183,66.541656
930,0,-0.128929,-1.848154,0.942651,-89.722115,107.795296,124.757317,1.006478,-1.910732,2.127839,-333.857208,136.042618,228.199722,3.239121,-0.371500,1.105868,103.543755,206.690079,66.543831
931,0,-0.128956,-1.848319,0.942935,-89.741379,107.813606,124.783531,1.001759,-1.931489,2.097871,-333.881531,136.030273,228.201752,3.239030,-0.371842,1.105630,103.529312,206.700699,66.550865
932,0,-0.129276,-1.848237,0.943352,-89.756279,107.843872,124.805199,1.004338,-1.921043,2.113399,-333.919342,136.025238,228.197876,3.238926,-0.371800,1.105415,103.520073,206.707779,66.548805
933,0,-0.129443,-1.847565,0.943903,-89.772110,107.865234,124.825470,1.006780,-1.909770,2.129838,-333.952362,136.011688,228.192078,3.238946,-0.371641,1.105193,103.512199,206.717697,66.548729
934,0,-0.129747,-1.847646,0.943722,-89.791328,107.885254,124.837830,1.007064,-1.908914,2.131250,-333.981659,136.005157,228.188919,3.238408,-0.371998,1.105403,103.498146,206.727219,66.547531
935,0,-0.130048,-1.847363,0.944390,-89.808434,107.915497,124.865814,1.010303,-1.893407,2.153444,-334.020386,135.991898,228.185974,3.238302,-0.372150,1.105469,103.486130,206.736328,66.542976
936,0,-0.130312,-1.847114,0.944832,-89.829758,107.937584,124.880074,1.011243,-1.888608,2.160598,-334.051666,135.986389,228.188705,3.238265,-0.372281,1.105116,103.468491,206.744507,66.538048
937,0,-0.130213,-1.847039,0.944772,-89.845497,107.958260,124.890671,1.012555,-1.882671,2.169115,-334.084351,135.978043,228.180527,3.238289,-0.372181,1.105193,103.460838,206.753098,66.531769
938,0,-0.130201,-1.846976,0.944807,-89.865395,107.981461,124.905502,1.010901,-1.890287,2.158624,-334.123871,135.973938,228.177017,3.238204,-0.372287,1.104986,103.446419,206.764496,66.525421
939,0,-0.130262,-1.846843,0.944809,-89.883934,108.005432,124.918495,1.012338,-1.882980,2.169166,-334.158417,135.963089,228.173981,3.238338,-0.372373,1.104800,103.434074,206.768753,66.517403
940,0,-0.130357,-1.846558,0.944691,-89.905937,108.027298,124.930405,1.017677,-1.856465,2.205800,-334.204590,135.961823,228.169235,3.238157,-0.372250,1.104640,103.421448,206.777161,66.511177
941,0,-0.130321,-1.846754,0.944829,-89.923561,108.049706,124.947388,1.014048,-1.874595,2.181189,-334.254242,135.948547,228.167648,3.238134,-0.372436,1.104579,103.409592,206.786118,66.501999
942,0,-0.130333,-1.846331,0.944642,-89.951096,108.071411,124.954224,1.017150,-1.858006,2.204195,-334.295837,135.944870,228.162064,3.238197,-0.372648,1.104435,103.394630,206.794388,66.492729
943,0,-0.130396,-1.846434,0.944426,-89.964317,108.097321,124.963860,1.018590,-1.850043,2.215319,-334.330994,135.936905,228.155975,3.238061,-0.372483,1.104152,103.385353,206.801102,66.487190
944,0,-0.130404,-1.846427,0.944171,-89.989182,108.121315,124.970917,1.018689,-1.849389,2.216266,-334.374512,135.927612,228.150085,3.237969,-0.372681,1.104410,103.372368,206.808411,66.473106
945,0,-0.130736,-1.846599,0.943936,-90.010735,108.143806,124.981659,1.020361,-1.840168,2.228951,-334.394470,135.921921,228.146576,3.237766,-0.372460,1.104139,103.366379,206.816620,66.464233
946,0,-0.130868,-1.846436,0.943869,-90.027649,108.170471,124.990540,1.021618,-1.833825,2.237520,-334.429871,135.921082,228.143097,3.237786,-0.372561,1.104075,103.360191,206.825882,66.458771
947,0,-0.130817,-1.846337,0.943738,-90.047844,108.194191,125.001877,1.020643,-1.839331,2.230260,-334.460938,135.909958,228.135757,3.237596,-0.372862,1.104286,103.349503,206.835052,66.446747
948,0,-0.130666,-1.846700,0.943767,-90.066307,108.222862,125.015152,1.020712,-1.840403,2.229125,-334.493835,135.910919,228.130890,3.237577,-0.372720,1.104024,103.343391,206.840790,66.437744
949,0,-0.130704,-1.846650,0.943455,-90.083252,108.244217,125.025314,1.019075,-1.848778,2.218152,-334.526215,135.903885,228.130920,3.237201,-0.372605,1.103976,103.337524,206.849838,66.429535
950,0,-0.130619,-1.846500,0.943437,-90.107056,108.266045,125.044418,1.019221,-1.849078,2.218096,-334.563690,135.902588,228.130920,3.237028,-0.372602,1.104034,103.326599,206.858002,66.423721
951,0,-0.130586,-1.845988,0.943596,-90.125565,108.289742,125.051422,1.019022,-1.850551,2.216476,-334.588135,135.899353,228.127762,3.236899,-0.372685,1.104202,103.319679,206.866928,66.414787
952,0,-0.130766,-1.846082,0.943627,-90.136269,108.315895,125.068527,1.019257,-1.849572,2.218047,-334.621246,135.889481,228.128143,3.236958,-0.372739,1.103724,103.320320,206.876785,66.410049
953,0,-0.130932,-1.846059,0.943943,-90.155281,108.339653,125.084862,1.020171,-1.844949,2.224600,-334.649689,135.884460,228.130707,3.236899,-0.372533,1.103564,103.315742,206.882172,66.409683
954,0,-0.131043,-1.845938,0.943912,-90.172813,108.363899,125.097572,1.018643,-1.852326,2.215109,-334.670898,135.873093,228.132004,3.236737,-0.372591,1.103515,103.308678,206.888367,66.401199
955,0,-0.131053,-1.845571,0.944006,-90.187294,108.386627,125.109894,1.018152,-1.856049,2.210451,-334.705872,135.868332,228.131393,3.236704,-0.372606,1.103338,103.304764,206.892990,66.396477
956,0,-0.131375,-1.845309,0.944208,-90.200661,108.404541,125.123650,1.015455,-1.869245,2.192732,-334.732117,135.860855,228.127182,3.236341,-0.372777,1.103179,103.296341,206.902069,66.390091
957,0,-0.131609,-1.845643,0.944230,-90.213364,108.422630,125.141472,1.013614,-1.878459,2.180453,-334.759796,135.848541,228.132233,3.236295,-0.372469,1.103261,103.284782,206.901291,66.386246
958,0,-0.131725,-1.845523,0.944558,-90.224304,108.443619,125.150261,1.010757,-1.892399,2.161281,-334.786407,135.844299,228.127014,3.236031,-0.372549,1.103176,103.281372,206.910767,66.386040
959,0,-0.131805,-1.845300,0.945031,-90.237488,108.461174,125.162247,1.009852,-1.897273,2.154644,-334.824646,135.835464,228.123734,3.235655,-0.372546,1.103353,103.272255,206.911942,66.381889
960,0,-0.132186,-1.845033,0.944990,-90.259338,108.481094,125.173851,1.007972,-1.906270,2.142211,-334.847839,135.829178,228.119492,3.235568,-0.372546,1.103262,103.258331,206.918304,66.381355
961,0,-0.132011,-1.845074,0.945258,-90.270767,108.498383,125.183029,1.008760,-1.902359,2.148008,-334.885406,135.817368,228.119003,3.235154,-0.372562,1.103340,103.250320,206.923569,66.374458
962,0,-0.132049,-1.845002,0.945577,-90.294075,108.516411,125.200447,1.011044,-1.891785,2.163191,-334.913544,135.810471,228.115173,3.235070,-0.372478,1.103469,103.239006,206.923386,66.372078
963,0,-0.131828,-1.845276,0.945873,-90.310951,108.529282,125.211609,1.012210,-1.886564,2.170681,-334.949188,135.801483,228.114731,3.234843,-0.372698,1.103409,103.228012,206.935898,66.369331
964,0,-0.131609,-1.845176,0.946185,-90.333435,108.544754,125.229988,1.014203,-1.876652,2.184483,-334.982422,135.795273,228.107101,3.234643,-0.372453,1.103090,103.210579,206.937378,66.370201
965,0,-0.131599,-1.845122,0.946619,-90.353432,108.565491,125.249046,1.015895,-1.868286,2.196034,-335.022125,135.789200,228.105057,3.234326,-0.372477,1.103176,103.197556,206.943619,66.368294
966,0,-0.131798,-1.845355,0.946833,-90.368073,108.581329,125.268028,1.017404,-1.860800,2.206383,-335.065643,135.779388,228.103806,3.234413,-0.372202,1.102778,103.183144,206.946411,66.363724
967,0,-0.131947,-1.845353,0.947235,-90.387100,108.599411,125.279861,1.020227,-1.846395,2.225741,-335.104553,135.772766,228.099823,3.233889,-0.372209,1.102919,103.167236,206.956223,66.362289
968,0,-0.132085,-1.845358,0.947121,-90.406487,108.616661,125.302315,1.020275,-1.846361,2.225810,-335.139343,135.760849,228.098297,3.233857,-0.372051,1.102591,103.158157,206.966049,66.363327
969,0,-0.132270,-1.845493,0.947387,-90.429688,108.629829,125.316025,1.021187,-1.840652,2.233589,-335.169159,135.753311,228.095139,3.233808,-0.371985,1.102529,103.148781,206.975403,66.360954
970,0,-0.132379,-1.845171,0.947647,-90.443451,108.647865,125.332474,1.023085,-1.830322,2.247275,-335.204041,135.748627,228.094513,3.233587,-0.371943,1.102345,103.138756,206.982910,66.361267
971,0,-0.132444,-1.845350,0.947586,-90.461143,108.665466,125.346306,1.022041,-1.835968,2.239810,-335.231262,135.737930,228.093796,3.233366,-0.371916,1.102438,103.129013,206.989456,66.360260
972,0,-0.132579,-1.845540,0.947629,-90.472450,108.689705,125.365662,1.020685,-1.843286,2.230154,-335.258270,135.732727,228.088959,3.233303,-0.371932,1.102458,103.124344,206.998016,66.359291
973,0,-0.132773,-1.845461,0.947645,-90.486618,108.702652,125.379784,1.016501,-1.865358,2.200432,-335.280731,135.722168,228.090317,3.233166,-0.372006,1.102450,103.123932,207.009750,66.360275
974,0,-0.132878,-1.845526,0.948080,-90.500336,108.721252,125.397148,1.015350,-1.871793,2.191545,-335.304993,135.716003,228.084854,3.232930,-0.372150,1.102322,103.118477,207.019592,66.359558
975,0,-0.133030,-1.845460,0.947984,-90.505501,108.741005,125.410828,1.012762,-1.884616,2.173955,-335.329529,135.713303,228.085968,3.232786,-0.371712,1.102425,103.121017,207.025757,66.361244
976,0,-0.133181,-1.845545,0.948232,-90.517570,108.763550,125.427139,1.006839,-1.913991,2.132358,-335.352722,135.709793,228.079620,3.232568,-0.371909,1.101907,103.124146,207.037369,66.363083
977,0,-0.133394,-1.845499,0.948466,-90.527008,108.789963,125.445557,1.008186,-1.907760,2.141460,-335.375854,135.705154,228.077774,3.232372,-0.371873,1.102098,103.121605,207.046402,66.362801
978,0,-0.133569,-1.845509,0.948396,-90.536659,108.806366,125.460159,1.008654,-1.906177,2.143698,-335.402252,135.701645,228.070587,3.232255,-0.371991,1.101920,103.127228,207.055771,66.367897
979,0,-0.133810,-1.845490,0.948901,-90.544128,108.829109,125.476646,1.010217,-1.898665,2.154690,-335.420410,135.698929,228.072937,3.232384,-0.371788,1.101883,103.133362,207.063477,66.366402
980,0,-0.134235,-1.845354,0.948881,-90.552574,108.847885,125.486565,1.010897,-1.895684,2.158991,-335.441956,135.692810,228.068008,3.232142,-0.371797,1.102120,103.134941,207.072845,66.368263
981,0,-0.134333,-1.845650,0.949066,-90.558090,108.864059,125.503899,1.008877,-1.905744,2.144859,-335.461273,135.690781,228.066162,3.231777,-0.371920,1.101764,103.139732,207.080978,66.372993
982,0,-0.134457,-1.845604,0.949208,-90.572372,108.883850,125.513596,1.012663,-1.888377,2.169582,-335.488708,135.691986,228.060516,3.231795,-0.371826,1.101540,103.143883,207.087158,66.373413
983,0,-0.134654,-1.845463,0.949432,-90.572502,108.905991,125.525055,1.014896,-1.877100,2.185420,-335.520142,135.683838,228.056091,3.231672,-0.371842,1.101565,103.145409,207.090546,66.375473
984,0,-0.134806,-1.844822,0.949616,-90.586830,108.922775,125.534698,1.016411,-1.870278,2.195080,-335.545776,135.680511,228.048676,3.231449,-0.372188,1.101536,103.142242,207.100235,66.373032
985,0,-0.135279,-1.845158,0.949601,-90.605217,108.945732,125.544144,1.020463,-1.848757,2.224391,-335.571106,135.680710,228.045471,3.231360,-0.372143,1.101511,103.148201,207.108170,66.376350
986,0,-0.135428,-1.845037,0.949514,-90.616943,108.960579,125.552040,1.019174,-1.856583,2.213964,-335.599426,135.678528,228.041855,3.231227,-0.372179,1.101425,103.146370,207.111877,66.375717
987,0,-0.135746,-1.845092,0.949303,-90.634254,108.979095,125.560898,1.020869,-1.848090,2.225552,-335.626221,135.675583,228.031967,3.231238,-0.372116,1.101365,103.147491,207.116440,66.378166
988,0,-0.135883,-1.845103,0.949332,-90.651909,108.998329,125.571861,1.024440,-1.828583,2.251621,-335.654877,135.672119,228.030914,3.231052,-0.372039,1.100859,103.138535,207.121750,66.382278
989,0,-0.135936,-1.845125,0.949122,-90.664024,109.014671,125.577362,1.023030,-1.836904,2.240885,-335.676697,135.668060,228.029190,3.230721,-0.372284,1.101261,103.144867,207.126511,66.381912
990,0,-0.136084,-1.845579,0.949111,-90.682076,109.034035,125.588211,1.025142,-1.825678,2.255754,-335.703308,135.664490,228.022293,3.230954,-0.372120,1.100737,103.138435,207.130615,66.383995
991,0,-0.136048,-1.845298,0.948889,-90.700020,109.051315,125.592056,1.024450,-1.828969,2.251580,-335.729034,135.660767,228.019699,3.230596,-0.372207,1.100748,103.137993,207.137146,66.387276
992,0,-0.136316,-1.845472,0.948709,-90.718956,109.066620,125.606049,1.025746,-1.822060,2.260820,-335.753601,135.656586,228.019226,3.230499,-0.372381,1.101031,103.134285,207.140228,66.389038
993,0,-0.136347,-1.845413,0.948777,-90.728394,109.082108,125.614014,1.027937,-1.810225,2.276110,-335.785828,135.656357,228.012177,3.230458,-0.372369,1.100699,103.129196,207.142685,66.390945
994,0,-0.136317,-1.845607,0.948827,-90.746315,109.098602,125.626862,1.029434,-1.801603,2.287240,-335.804047,135.653992,228.004883,3.230518,-0.372469,1.100630,103.126762,207.146927,66.390930
995,0,-0.136264,-1.845677,0.948692,-90.763596,109.115456,125.639198,1.030245,-1.796289,2.294101,-335.824982,135.646133,228.005203,3.230689,-0.372306,1.100511,103.120766,207.151016,66.397736
996,0,-0.136143,-1.845778,0.948709,-90.782387,109.136223,125.650513,1.028974,-1.804991,2.283167,-335.848480,135.635635,228.002975,3.230261,-0.372406,1.100482,103.114792,207.153214,66.399643
997,0,-0.136396,-1.845555,0.948880,-90.793449,109.152954,125.662979,1.029351,-1.803062,2.285650,-335.868500,135.631836,227.999222,3.230521,-0.372486,1.100284,103.113892,207.157288,66.402184
998,0,-0.136235,-1.845455,0.949122,-90.804405,109.167313,125.676079,1.027171,-1.816694,2.268214,-335.888702,135.619232,227.999283,3.230347,-0.372311,1.100632,103.112076,207.160614,66.402885
999,0,-0.136008,-1.845392,0.949061,-90.819305,109.187927,125.683769,1.025054,-1.829477,2.251585,-335.904083,135.615250,227.992950,3.230057,-0.372628,1.100303,103.109589,207.159744,66.405197
1000,0,-0.136461,-1.845496,0.949175,-90.833191,109.202278,125.692978,1.024255,-1.834884,2.244567,-335.925415,135.611526,227.990173,3.230343,-0.372459,1.100242,103.107597,207.161407,66.405777
1001,0,-0.136192,-1.845315,0.949050,-90.846016,109.217361,125.707779,1.022752,-1.844171,2.232174,-335.945465,135.600494,227.984131,3.230151,-0.372594,1.100603,103.109032,207.165161,66.405159
1002,0,-0.136429,-1.845315,0.948986,-90.853897,109.236252,125.718178,1.020512,-1.856504,2.215907,-335.966095,135.592789,227.986938,3.230049,-0.372748,1.100585,103.106651,207.170456,66.405899
1003,0,-0.136117,-1.845403,0.949293,-90.871559,109.252426,125.728043,1.018956,-1.864940,2.204525,-335.980591,135.589294,227.982239,3.229970,-0.372450,1.100372,103.104904,207.170959,66.405060
1004,0,-0.136157,-1.845097,0.949207,-90.876991,109.273933,125.732887,1.016818,-1.876247,2.189218,-336.001495,135.574829,227.981750,3.229846,-0.372813,1.100199,103.096954,207.169998,66.403778
1005,0,-0.135925,-1.844999,0.949644,-90.892250,109.287483,125.742287,1.015947,-1.881666,2.181909,-336.024994,135.568848,227.976334,3.229889,-0.372833,1.100332,103.102165,207.174393,66.399261
1006,0,-0.135804,-1.844771,0.949585,-90.904305,109.303940,125.752106,1.017716,-1.872791,2.194448,-336.045929,135.558640,227.973419,3.229809,-0.372957,1.100303,103.095474,207.176315,66.396652
1007,0,-0.135973,-1.844694,0.949590,-90.911446,109.321815,125.757278,1.019425,-1.864401,2.206084,-336.070679,135.553864,227.965744,3.229580,-0.373088,1.100121,103.088661,207.178497,66.397911
1008,0,-0.135866,-1.844515,0.949866,-90.920120,109.340240,125.766518,1.018070,-1.871477,2.196629,-336.091400,135.538498,227.968567,3.229558,-0.372949,1.100108,103.084915,207.179260,66.396027
1009,0,-0.136134,-1.844231,0.949735,-90.926819,109.359459,125.773979,1.013013,-1.897769,2.160233,-336.117554,135.539474,227.967987,3.229427,-0.372885,1.100265,103.082840,207.181778,66.392654
1010,0,-0.136007,-1.844535,0.949978,-90.935555,109.375778,125.782372,1.012763,-1.899521,2.157864,-336.138885,135.529205,227.964005,3.229327,-0.373043,1.099923,103.073524,207.184921,66.390335
1011,0,-0.135865,-1.844002,0.950182,-90.942703,109.387901,125.792725,1.012609,-1.900581,2.156584,-336.157074,135.528488,227.958939,3.229215,-0.373108,1.100091,103.069435,207.189453,66.388870
1012,0,-0.135950,-1.844069,0.950114,-90.951035,109.407310,125.795959,1.015368,-1.887335,2.175298,-336.186798,135.519943,227.951599,3.229202,-0.373013,1.099860,103.064468,207.198227,66.385406
1013,0,-0.135996,-1.844380,0.950366,-90.957054,109.429504,125.807343,1.013160,-1.898786,2.159409,-336.210052,135.512009,227.949921,3.229221,-0.373050,1.099842,103.062386,207.201279,66.381340
1014,0,-0.136025,-1.844064,0.950345,-90.964699,109.444221,125.812576,1.015182,-1.888655,2.173712,-336.234711,135.506012,227.940552,3.228854,-0.373048,1.099859,103.054581,207.210907,66.379967
1015,0,-0.135999,-1.844034,0.950514,-90.968651,109.467331,125.822395,1.015081,-1.889026,2.173195,-336.258636,135.501663,227.938461,3.228818,-0.373049,1.100100,103.055824,207.220642,66.375458
1016,0,-0.135937,-1.844221,0.950592,-90.972023,109.486916,125.830276,1.016280,-1.882968,2.181681,-336.275787,135.499619,227.930756,3.228786,-0.373299,1.099964,103.051636,207.229614,66.369850
1017,0,-0.136018,-1.844336,0.950575,-90.976303,109.508980,125.834373,1.017381,-1.877851,2.188942,-336.293213,135.497238,227.926834,3.228665,-0.373204,1.099964,103.052223,207.235794,66.368126
1018,0,-0.135924,-1.844273,0.950608,-90.984985,109.527809,125.847115,1.019755,-1.864582,2.207179,-336.309479,135.491302,227.930969,3.228502,-0.373234,1.099941,103.045074,207.244812,66.365387
1019,0,-0.136140,-1.844688,0.950796,-90.988518,109.547638,125.854401,1.020700,-1.859520,2.214114,-336.322174,135.486084,227.927338,3.228323,-0.373240,1.100051,103.047577,207.251190,66.362885
1020,0,-0.136382,-1.844476,0.951019,-90.992386,109.573349,125.866219,1.019971,-1.863375,2.208890,-336.341095,135.486893,227.926743,3.228343,-0.373479,1.100202,103.044418,207.260895,66.360771
1021,0,-0.136548,-1.844563,0.951320,-90.993500,109.594757,125.881790,1.024362,-1.838670,2.242258,-336.360962,135.478134,227.925934,3.228219,-0.373469,1.100071,103.046951,207.268127,66.360931
1022,0,-0.136608,-1.844924,0.950932,-91.001663,109.614532,125.890732,1.023009,-1.846370,2.231991,-336.370422,135.473587,227.922409,3.228045,-0.373630,1.100139,103.047729,207.275467,66.355782
1023,0,-0.136843,-1.844848,0.951428,-91.001045,109.638512,125.902832,1.024263,-1.839981,2.240530,-336.392273,135.470184,227.922195,3.228052,-0.373763,1.100168,103.049965,207.284653,66.357307
1024,0,-0.136734,-1.845192,0.951319,-91.005920,109.660225,125.916687,1.024798,-1.836907,2.244789,-336.402466,135.464218,227.923553,3.228045,-0.373975,1.100130,103.046631,207.291809,66.356186
1025,0,-0.137098,-1.845279,0.951503,-91.009140,109.677361,125.926971,1.027687,-1.820497,2.266211,-336.431183,135.455750,227.917084,3.227764,-0.373892,1.100232,103.048592,207.295456,66.351517
1026,0,-0.137225,-1.845100,0.951182,-91.013351,109.694923,125.936035,1.029597,-1.809026,2.281177,-336.444244,135.452347,227.919785,3.227849,-0.374082,1.100168,103.049065,207.301147,66.350113
1027,0,-0.136938,-1.845427,0.951234,-91.023590,109.714706,125.948402,1.033674,-1.784887,2.311906,-336.463135,135.457306,227.911652,3.227681,-0.374005,1.100153,103.049088,207.305634,66.350510
1028,0,-0.137227,-1.845286,0.951238,-91.031891,109.728844,125.957413,1.034847,-1.777825,2.320724,-336.485199,135.445389,227.911087,3.227443,-0.374184,1.100167,103.046478,207.313629,66.351677
1029,0,-0.137722,-1.845221,0.951331,-91.035652,109.754555,125.967087,1.035364,-1.775732,2.323571,-336.505707,135.442947,227.908676,3.227504,-0.374191,1.099928,103.044113,207.317047,66.350784
1030,0,-0.137576,-1.845205,0.951291,-91.048660,109.767143,125.978020,1.035066,-1.778098,2.320651,-336.524689,135.437805,227.910629,3.227342,-0.374221,1.100147,103.042198,207.325638,66.349892
1031,0,-0.137579,-1.845220,0.951032,-91.059608,109.779411,125.987190,1.036744,-1.766843,2.334894,-336.540100,135.425827,227.911102,3.227374,-0.374250,1.100136,103.042130,207.324341,66.350426
1032,0,-0.137732,-1.845250,0.951476,-91.069466,109.796738,126.005348,1.037726,-1.761858,2.341197,-336.566620,135.425125,227.914261,3.227261,-0.374238,1.100266,103.039009,207.329208,66.349709
1033,0,-0.137821,-1.845326,0.950968,-91.080818,109.811775,126.013756,1.037751,-1.761646,2.341609,-336.587860,135.411392,227.915909,3.227118,-0.374332,1.100016,103.033112,207.336639,66.355759
1034,0,-0.137754,-1.845333,0.951202,-91.101631,109.822624,126.025169,1.038617,-1.756650,2.347907,-336.606659,135.408325,227.916550,3.227054,-0.374294,1.100101,103.027328,207.337616,66.352951
1035,0,-0.137737,-1.845232,0.951057,-91.115311,109.835831,126.032310,1.036220,-1.773560,2.327373,-336.623444,135.394547,227.916443,3.226985,-0.374436,1.100160,103.022591,207.344727,66.358086
1036,0,-0.138095,-1.845336,0.951084,-91.124336,109.846268,126.046318,1.037538,-1.764109,2.339279,-336.645691,135.393661,227.919098,3.227003,-0.374359,1.100128,103.014488,207.346375,66.358780
1037,0,-0.138083,-1.845440,0.951219,-91.135391,109.860481,126.055763,1.037081,-1.767771,2.334929,-336.670288,135.386292,227.914658,3.226774,-0.374344,1.100137,103.007599,207.353653,66.358055
1038,0,-0.137908,-1.845412,0.950883,-91.152611,109.869995,126.059410,1.035419,-1.778990,2.321315,-336.687653,135.384888,227.918106,3.226840,-0.374287,1.100527,103.004715,207.360703,66.355667
1039,0,-0.137988,-1.845492,0.950653,-91.166870,109.880371,126.068039,1.035722,-1.775872,2.325351,-336.703918,135.365112,227.920990,3.226764,-0.374400,1.100093,102.997482,207.363480,66.359383
1040,0,-0.138255,-1.845634,0.950670,-91.180794,109.889641,126.073853,1.034794,-1.782977,2.316691,-336.726288,135.363052,227.918350,3.226763,-0.374287,1.100282,102.991501,207.369568,66.355652
1041,0,-0.138048,-1.845707,0.950381,-91.189156,109.900101,126.078445,1.034442,-1.784801,2.314478,-336.741486,135.359558,227.916138,3.226657,-0.374473,1.100129,102.986839,207.375687,66.356163
1042,0,-0.138150,-1.845710,0.950148,-91.198761,109.910751,126.083626,1.034261,-1.785279,2.314040,-336.755920,135.345139,227.917480,3.226600,-0.374572,1.100080,102.980881,207.381958,66.357918
1043,0,-0.137917,-1.845550,0.950210,-91.208344,109.918007,126.091110,1.034863,-1.781762,2.318521,-336.769592,135.344131,227.911896,3.226494,-0.374670,1.100130,102.977005,207.387405,66.353241
1044,0,-0.138222,-1.845831,0.950053,-91.220078,109.926666,126.097427,1.034339,-1.785407,2.314148,-336.786041,135.335556,227.912445,3.226712,-0.374619,1.099896,102.979881,207.394547,66.354324
1045,0,-0.138214,-1.845795,0.949725,-91.228416,109.939331,126.094955,1.035338,-1.778992,2.322260,-336.801025,135.331619,227.908020,3.226598,-0.374829,1.099923,102.975502,207.402222,66.357597
1046,0,-0.138087,-1.845706,0.949635,-91.237289,109.951202,126.102371,1.034322,-1.785525,2.314253,-336.818329,135.325760,227.907928,3.226421,-0.374612,1.099891,102.973923,207.408295,66.356728
1047,0,-0.138439,-1.845910,0.949691,-91.248604,109.957474,126.102386,1.034971,-1.781933,2.318791,-336.837463,135.319183,227.905685,3.226174,-0.375006,1.100108,102.971748,207.413147,66.354958
1048,0,-0.138603,-1.845626,0.949460,-91.251579,109.973488,126.107056,1.034989,-1.782359,2.318300,-336.850311,135.311478,227.902725,3.226285,-0.374947,1.099820,102.972130,207.419128,66.353752
1049,0,-0.138607,-1.845690,0.949485,-91.264313,109.978661,126.108467,1.034418,-1.787304,2.312182,-336.869995,135.307007,227.902817,3.226240,-0.375062,1.099876,102.967789,207.425781,66.350456
1050,0,-0.138691,-1.845802,0.949252,-91.276398,109.991585,126.105965,1.033498,-1.794454,2.303349,-336.890076,135.301300,227.899857,3.226406,-0.375063,1.099689,102.963242,207.432205,66.349823
1051,0,-0.138597,-1.845428,0.949551,-91.283638,110.002594,126.111893,1.031727,-1.805786,2.288954,-336.910126,135.297287,227.894852,3.226104,-0.375249,1.099939,102.963142,207.439056,66.347496
1052,0,-0.138875,-1.845763,0.949238,-91.296181,110.010735,126.109985,1.030862,-1.812049,2.281191,-336.920013,135.300476,227.892181,3.225905,-0.375554,1.099999,102.958321,207.447296,66.342247
1053,0,-0.138925,-1.845735,0.949439,-91.304977,110.024139,126.108986,1.032466,-1.803214,2.292679,-336.946106,135.297882,227.885452,3.226114,-0.375428,1.099862,102.955444,207.451294,66.340897
1054,0,-0.138793,-1.845476,0.949497,-91.314674,110.032700,126.105980,1.029558,-1.821520,2.269155,-336.958282,135.293945,227.882416,3.226022,-0.375665,1.099630,102.952736,207.455841,66.333908
1055,0,-0.139217,-1.845664,0.949343,-91.328110,110.046211,126.107094,1.030981,-1.814241,2.278806,-336.971863,135.291504,227.878647,3.225982,-0.375899,1.099803,102.950218,207.466446,66.328575
1056,0,-0.139071,-1.845763,0.949397,-91.339325,110.055611,126.101524,1.033426,-1.799765,2.297468,-336.994354,135.288467,227.870346,3.225856,-0.375995,1.099854,102.942108,207.474045,66.324020
1057,0,-0.139269,-1.845654,0.949102,-91.347717,110.069733,126.095596,1.032656,-1.805657,2.289933,-337.013947,135.293579,227.865021,3.225955,-0.375757,1.099476,102.940468,207.483322,66.317131
1058,0,-0.139433,-1.845724,0.949084,-91.357140,110.081482,126.094345,1.033564,-1.800611,2.296393,-337.026855,135.291870,227.854156,3.225862,-0.376055,1.099501,102.934364,207.493378,66.314583
1059,0,-0.139216,-1.845658,0.949222,-91.365044,110.090424,126.091736,1.032197,-1.810482,2.283993,-337.043945,135.291214,227.854324,3.225623,-0.376248,1.099784,102.931770,207.497253,66.309738
1060,0,-0.139384,-1.845603,0.949391,-91.374451,110.101364,126.088943,1.033944,-1.799028,2.298685,-337.053375,135.287079,227.843185,3.225662,-0.376212,1.099696,102.929893,207.506439,66.305367
1061,0,-0.139333,-1.845567,0.949261,-91.381432,110.110229,126.091240,1.034058,-1.799306,2.298393,-337.070648,135.285324,227.836517,3.225774,-0.376322,1.099674,102.924492,207.516434,66.302773
1062,0,-0.139504,-1.845970,0.949294,-91.391754,110.122810,126.086128,1.033087,-1.805507,2.290657,-337.080902,135.285339,227.833817,3.225558,-0.376463,1.099569,102.922287,207.524460,66.300079
1063,0,-0.139419,-1.845610,0.949355,-91.394905,110.129471,126.083374,1.034103,-1.799627,2.298143,-337.101532,135.281693,227.826370,3.225555,-0.376730,1.099583,102.916550,207.532578,66.299515
1064,0,-0.139376,-1.845655,0.949300,-91.401741,110.137886,126.083549,1.032513,-1.808669,2.286740,-337.102692,135.276886,227.818558,3.225752,-0.376679,1.099436,102.919052,207.542038,66.296516
1065,0,-0.139326,-1.845639,0.949275,-91.403900,110.146004,126.082344,1.032901,-1.807080,2.288861,-337.123810,135.270935,227.816147,3.225710,-0.376755,1.099252,102.915916,207.545776,66.293610
1066,0,-0.139376,-1.845507,0.949244,-91.411179,110.151558,126.084564,1.032887,-1.806793,2.289266,-337.133331,135.268539,227.811432,3.225496,-0.377010,1.099203,102.913582,207.553696,66.292984
1067,0,-0.139334,-1.845655,0.949674,-91.418335,110.162834,126.081512,1.035064,-1.792769,2.306988,-337.142365,135.261414,227.796768,3.225729,-0.376895,1.099449,102.917534,207.562576,66.290512
1068,0,-0.139525,-1.845680,0.949343,-91.419922,110.165939,126.078400,1.034635,-1.796010,2.302916,-337.152130,135.260941,227.789566,3.225669,-0.377126,1.099006,102.918251,207.572617,66.288765
1069,0,-0.139358,-1.845589,0.949294,-91.428185,110.174461,126.074059,1.035213,-1.792643,2.307256,-337.163879,135.254227,227.785202,3.225616,-0.377162,1.099392,102.917038,207.575104,66.285362
1070,0,-0.139459,-1.845690,0.949056,-91.431496,110.175903,126.071365,1.034214,-1.799037,2.299060,-337.172485,135.246750,227.771072,3.225735,-0.377208,1.099097,102.919182,207.576706,66.282478
1071,0,-0.139420,-1.845718,0.949129,-91.435593,110.185898,126.069115,1.036245,-1.786659,2.314591,-337.184631,135.243958,227.762299,3.225782,-0.377240,1.099052,102.916557,207.584534,66.283173
1072,0,-0.139467,-1.845916,0.948893,-91.443771,110.192841,126.063766,1.037303,-1.780527,2.322302,-337.198334,135.241135,227.754333,3.225569,-0.377508,1.098839,102.917473,207.587891,66.284752
1073,0,-0.139408,-1.846055,0.949079,-91.453094,110.194511,126.063484,1.038477,-1.773620,2.330811,-337.212250,135.235153,227.740204,3.225713,-0.377777,1.098974,102.917519,207.591492,66.278809
1074,0,-0.139506,-1.845579,0.949128,-91.460190,110.203583,126.058563,1.038431,-1.774095,2.330262,-337.220978,135.232834,227.733658,3.225828,-0.377589,1.098694,102.919937,207.594238,66.279457
1075,0,-0.139378,-1.845613,0.949179,-91.468208,110.206474,126.055229,1.038913,-1.771739,2.333145,-337.235382,135.229370,227.725922,3.225713,-0.377952,1.098676,102.917046,207.594666,66.278580
1076,0,-0.139551,-1.845706,0.949181,-91.483635,110.211884,126.048759,1.039062,-1.770020,2.335275,-337.247803,135.219757,227.717834,3.225742,-0.377833,1.098793,102.914124,207.601852,66.280258
1077,0,-0.139496,-1.845672,0.949257,-91.492561,110.218430,126.052795,1.041326,-1.755270,2.353384,-337.258881,135.213287,227.712570,3.225624,-0.378058,1.098938,102.912422,207.604599,66.282562
1078,0,-0.139382,-1.845945,0.948890,-91.503792,110.225220,126.052719,1.041798,-1.751341,2.358126,-337.267365,135.210693,227.704712,3.225656,-0.378272,1.098795,102.911980,207.608307,66.284622
1079,0,-0.139410,-1.845450,0.949400,-91.516670,110.233650,126.045868,1.041658,-1.753232,2.355818,-337.281647,135.206024,227.697617,3.225683,-0.378086,1.098366,102.907700,207.607498,66.284508
1080,0,-0.139328,-1.845714,0.949435,-91.516342,110.239738,126.048325,1.041771,-1.751661,2.357826,-337.288330,135.196533,227.691208,3.225785,-0.378328,1.098176,102.905029,207.614914,66.286743
1081,0,-0.139298,-1.845642,0.949280,-91.529060,110.244987,126.046181,1.041013,-1.756224,2.352330,-337.301300,135.195740,227.685959,3.225354,-0.378384,1.098499,102.899689,207.615860,66.289085
1082,0,-0.139141,-1.845595,0.949546,-91.539619,110.249435,126.047928,1.041885,-1.750112,2.359781,-337.306396,135.194061,227.678360,3.225752,-0.378524,1.098098,102.898155,207.619278,66.287094
1083,0,-0.139052,-1.845623,0.949708,-91.548836,110.260094,126.048416,1.040286,-1.760339,2.347351,-337.313782,135.181107,227.675934,3.225501,-0.378782,1.098253,102.893753,207.625137,66.287910
1084,0,-0.139081,-1.845747,0.949627,-91.558746,110.265427,126.049309,1.039848,-1.763817,2.343091,-337.325684,135.184372,227.666885,3.225604,-0.379065,1.097967,102.887367,207.628937,66.292488
1085,0,-0.138979,-1.845666,0.949743,-91.564034,110.275566,126.047951,1.039478,-1.764974,2.341724,-337.336517,135.171844,227.661804,3.225578,-0.378939,1.098276,102.885963,207.637924,66.293976
1086,0,-0.139001,-1.845585,0.949560,-91.574753,110.280769,126.049339,1.037662,-1.776849,2.327126,-337.344604,135.164902,227.657959,3.225710,-0.378980,1.097874,102.885170,207.641602,66.293503
1087,0,-0.138763,-1.845351,0.949851,-91.576271,110.288025,126.053291,1.038185,-1.774052,2.330563,-337.359131,135.164642,227.649963,3.225652,-0.379058,1.098028,102.882713,207.644562,66.298874
1088,0,-0.138795,-1.845358,0.949749,-91.586296,110.291573,126.053375,1.036456,-1.784479,2.317573,-337.363007,135.149704,227.647263,3.225573,-0.379316,1.097877,102.880692,207.652710,66.299973
1089,0,-0.138692,-1.845524,0.949633,-91.595940,110.301239,126.052353,1.034303,-1.798608,2.299788,-337.376495,135.142090,227.641663,3.225652,-0.379492,1.097849,102.873734,207.655167,66.297729
1090,0,-0.138696,-1.845460,0.949811,-91.602020,110.309494,126.053421,1.033724,-1.801568,2.296136,-337.382965,135.145157,227.636292,3.225906,-0.379523,1.097687,102.877419,207.663040,66.300369
1091,0,-0.138780,-1.845349,0.949774,-91.611153,110.314224,126.057999,1.034094,-1.799285,2.299095,-337.386871,135.139847,227.630249,3.225684,-0.379755,1.097537,102.874283,207.668930,66.302841
1092,0,-0.138585,-1.845408,0.949769,-91.613564,110.322250,126.057892,1.033092,-1.805459,2.291275,-337.401062,135.132095,227.631638,3.225682,-0.379824,1.098118,102.873375,207.675018,66.301849
1093,0,-0.138559,-1.845458,0.949789,-91.623459,110.326263,126.062111,1.029670,-1.826897,2.263667,-337.406250,135.133865,227.624557,3.225782,-0.379892,1.097728,102.871948,207.677643,66.303719
1094,0,-0.138481,-1.845530,0.949739,-91.625732,110.335655,126.061615,1.031205,-1.817155,2.276279,-337.416992,135.127289,227.615997,3.225705,-0.380038,1.097701,102.870995,207.684708,66.306450
1095,0,-0.138471,-1.845478,0.949628,-91.633957,110.344284,126.063095,1.029096,-1.831065,2.258077,-337.424194,135.115891,227.609467,3.225760,-0.380038,1.098068,102.872002,207.684464,66.306534
1096,0,-0.138203,-1.845206,0.949840,-91.637733,110.348694,126.068977,1.026564,-1.845718,2.238669,-337.432892,135.111053,227.606201,3.225573,-0.380504,1.097821,102.872047,207.690689,66.308525
1097,0,-0.138297,-1.845272,0.949726,-91.642220,110.362198,126.067612,1.027356,-1.842401,2.243093,-337.443542,135.103546,227.600418,3.225871,-0.380281,1.097519,102.868744,207.693054,66.309540
1098,0,-0.138227,-1.845132,0.949495,-91.647621,110.365028,126.068832,1.026341,-1.848211,2.235515,-337.447144,135.102524,227.597610,3.225873,-0.380399,1.097372,102.872498,207.698318,66.308502
1099,0,-0.138217,-1.845132,0.949695,-91.654297,110.373543,126.071541,1.025857,-1.852267,2.229798,-337.462555,135.099792,227.588333,3.225557,-0.380558,1.097789,102.871841,207.697540,66.310730
1100,0,-0.138052,-1.845140,0.949737,-91.658607,110.382286,126.072647,1.025729,-1.853205,2.228578,-337.465668,135.091721,227.583878,3.225705,-0.380578,1.097517,102.871933,207.700592,66.312683
1101,0,-0.138146,-1.845129,0.949719,-91.674171,110.384483,126.078232,1.027928,-1.841885,2.243745,-337.476044,135.090469,227.577209,3.225409,-0.380807,1.097780,102.870934,207.705826,66.316185
1102,0,-0.137910,-1.845150,0.949639,-91.673752,110.393738,126.080673,1.027968,-1.842594,2.242787,-337.494995,135.078110,227.576111,3.225646,-0.380818,1.097435,102.870926,207.708038,66.315193
1103,0,-0.138082,-1.845223,0.949583,-91.685440,110.398384,126.080124,1.030437,-1.828328,2.261563,-337.505493,135.073227,227.565109,3.225466,-0.380801,1.097544,102.865028,207.706284,66.318596
1104,0,-0.138064,-1.845109,0.949631,-91.688057,110.404686,126.084717,1.030334,-1.829474,2.260099,-337.512604,135.069397,227.559845,3.225558,-0.381008,1.097359,102.862442,207.708664,66.317039
1105,0,-0.137670,-1.845098,0.949459,-91.697884,110.408752,126.085625,1.030203,-1.830948,2.258029,-337.528931,135.060913,227.557465,3.225398,-0.381044,1.097850,102.856346,207.711502,66.314537
1106,0,-0.137902,-1.845084,0.949789,-91.705513,110.412605,126.086014,1.031402,-1.824701,2.266340,-337.539734,135.056915,227.554459,3.225387,-0.381083,1.097612,102.853653,207.713852,66.312706
1107,0,-0.137874,-1.845122,0.949521,-91.712456,110.418762,126.089348,1.032138,-1.820019,2.272429,-337.559235,135.046448,227.548111,3.225508,-0.381206,1.097364,102.849533,207.715134,66.312622
1108,0,-0.137932,-1.844949,0.949625,-91.717682,110.422546,126.090782,1.030414,-1.829908,2.259564,-337.561584,135.038528,227.544891,3.225157,-0.381088,1.097656,102.840912,207.714157,66.304832
1109,0,-0.137586,-1.844930,0.949843,-91.725525,110.424561,126.093567,1.031622,-1.823692,2.267800,-337.581451,135.030441,227.541901,3.225291,-0.381242,1.097609,102.835632,207.717407,66.303246
1110,0,-0.137551,-1.844959,0.949976,-91.739388,110.429550,126.096336,1.031413,-1.824681,2.266484,-337.592987,135.023666,227.537201,3.225192,-0.381535,1.097879,102.829712,207.717041,66.296265
1111,0,-0.137727,-1.844954,0.949912,-91.740517,110.431854,126.094597,1.032200,-1.819373,2.273724,-337.604462,135.014725,227.535706,3.225140,-0.381411,1.097775,102.824913,207.716537,66.295242
1112,0,-0.137562,-1.844927,0.949865,-91.746567,110.435097,126.093086,1.032039,-1.821112,2.271443,-337.622620,135.004913,227.532379,3.225138,-0.381613,1.097632,102.818863,207.715652,66.288689
1113,0,-0.137349,-1.845177,0.950092,-91.756439,110.438652,126.097321,1.032974,-1.815057,2.279608,-337.628754,134.994247,227.528397,3.225019,-0.381580,1.097825,102.811501,207.715515,66.283989
1114,0,-0.137554,-1.845146,0.949887,-91.764862,110.443878,126.096054,1.032632,-1.817814,2.276125,-337.643188,134.992752,227.522324,3.225106,-0.381491,1.097929,102.804710,207.712570,66.280602
1115,0,-0.137442,-1.844973,0.950069,-91.769699,110.447456,126.097946,1.033968,-1.809242,2.287270,-337.658478,134.982101,227.521744,3.225151,-0.381706,1.097766,102.799667,207.718811,66.275978
1116,0,-0.137458,-1.844937,0.950253,-91.778938,110.453911,126.103012,1.032516,-1.818566,2.275432,-337.669159,134.978912,227.516907,3.225158,-0.381758,1.097745,102.797775,207.716537,66.273102
1117,0,-0.137460,-1.844954,0.950063,-91.785583,110.455292,126.098961,1.034047,-1.808981,2.288045,-337.681122,134.974625,227.515503,3.225047,-0.381768,1.097786,102.791885,207.713760,66.271347
1118,0,-0.137391,-1.844942,0.950425,-91.796242,110.459312,126.100021,1.033352,-1.814027,2.281708,-337.695068,134.968658,227.509644,3.225006,-0.381865,1.097683,102.786964,207.713486,66.268585
1119,0,-0.137471,-1.845209,0.950232,-91.802551,110.469009,126.099106,1.032779,-1.818112,2.276532,-337.712891,134.960373,227.503998,3.225003,-0.382069,1.097553,102.783340,207.714386,66.263977
1120,0,-0.137548,-1.844844,0.950486,-91.806458,110.477737,126.099396,1.035978,-1.797620,2.303171,-337.724457,134.956238,227.505157,3.224993,-0.382132,1.097506,102.776688,207.711731,66.259773
1121,0,-0.137471,-1.844943,0.950310,-91.814461,110.476357,126.101120,1.035715,-1.800485,2.299664,-337.744263,134.949310,227.494385,3.225097,-0.382392,1.097259,102.773552,207.713058,66.256340
1122,0,-0.137508,-1.845068,0.950369,-91.824059,110.485977,126.099823,1.035527,-1.801536,2.298366,-337.753479,134.941925,227.486710,3.224923,-0.382213,1.097227,102.768486,207.710785,66.254066
1123,0,-0.137653,-1.845079,0.950458,-91.834175,110.489021,126.100838,1.034500,-1.807782,2.290806,-337.765533,134.936829,227.490021,3.224976,-0.382582,1.097378,102.763870,207.712753,66.248039
1124,0,-0.137373,-1.844832,0.950570,-91.840736,110.494957,126.096252,1.035968,-1.799067,2.301899,-337.776917,134.932632,227.477005,3.225210,-0.382478,1.097279,102.762344,207.709457,66.244850
1125,0,-0.137710,-1.845178,0.950814,-91.844864,110.501892,126.098473,1.035783,-1.800326,2.300516,-337.787201,134.926712,227.473846,3.225055,-0.382681,1.097213,102.760315,207.712357,66.241425
1126,0,-0.137659,-1.845213,0.950590,-91.851028,110.508919,126.096008,1.036102,-1.797975,2.303694,-337.798676,134.923950,227.471375,3.225181,-0.383061,1.097406,102.756401,207.713577,66.237511
1127,0,-0.137850,-1.845175,0.950640,-91.860931,110.510956,126.092148,1.036982,-1.791896,2.311531,-337.818787,134.915756,227.465576,3.225188,-0.382924,1.097086,102.754532,207.711838,66.237213
1128,0,-0.137835,-1.845227,0.950440,-91.866814,110.514458,126.096397,1.036850,-1.792855,2.310372,-337.824799,134.914703,227.459320,3.225206,-0.383243,1.097130,102.753159,207.713821,66.234459
1129,0,-0.137932,-1.845050,0.950500,-91.871307,110.521332,126.091164,1.036370,-1.795727,2.306880,-337.836182,134.909576,227.457397,3.225253,-0.382965,1.096852,102.754723,207.714371,66.232971
1130,0,-0.138231,-1.844982,0.950357,-91.881523,110.522202,126.088722,1.036131,-1.797498,2.304852,-337.841187,134.906708,227.456070,3.225249,-0.383283,1.096808,102.749664,207.713287,66.233742
1131,0,-0.138292,-1.845281,0.950281,-91.885445,110.527908,126.089516,1.037928,-1.785418,2.320022,-337.854156,134.899521,227.453751,3.225368,-0.383369,1.096748,102.754044,207.717300,66.233521
1132,0,-0.138374,-1.845132,0.950380,-91.893013,110.529045,126.084595,1.036007,-1.797854,2.304402,-337.860809,134.894867,227.451294,3.225275,-0.383298,1.096879,102.749718,207.716965,66.231354
1133,0,-0.138217,-1.845220,0.950360,-91.901131,110.530396,126.085403,1.037596,-1.787047,2.318076,-337.864990,134.891037,227.443634,3.225202,-0.383785,1.097100,102.744652,207.719177,66.226608
1134,0,-0.138367,-1.845002,0.950131,-91.905121,110.531502,126.081245,1.036811,-1.792413,2.311293,-337.875610,134.888046,227.441971,3.225584,-0.383869,1.096630,102.744743,207.718979,66.227966
1135,0,-0.138426,-1.844931,0.950163,-91.911377,110.535698,126.083183,1.035658,-1.799502,2.302536,-337.879761,134.880966,227.439178,3.225443,-0.383910,1.096606,102.739685,207.718109,66.226891
1136,0,-0.138473,-1.844939,0.949907,-91.918404,110.534042,126.079903,1.035777,-1.797914,2.304526,-337.885651,134.875412,227.439255,3.225485,-0.383939,1.096565,102.740891,207.721863,66.229370
1137,0,-0.138449,-1.845256,0.949988,-91.925659,110.534416,126.082314,1.036401,-1.792989,2.310851,-337.893280,134.869324,227.432098,3.225413,-0.384184,1.096837,102.739929,207.720932,66.229446
1138,0,-0.138501,-1.845137,0.949813,-91.929871,110.535713,126.085503,1.037537,-1.785145,2.320635,-337.904999,134.864487,227.430420,3.225687,-0.384228,1.096612,102.737587,207.719406,66.228333
1139,0,-0.138656,-1.845188,0.949710,-91.938477,110.537460,126.084564,1.037687,-1.784775,2.321142,-337.910675,134.862000,227.426590,3.225738,-0.384304,1.096483,102.736374,207.720810,66.224434
1140,0,-0.138483,-1.845406,0.949618,-91.942528,110.538231,126.084763,1.038104,-1.781513,2.325231,-337.917572,134.856918,227.421112,3.225639,-0.384389,1.096502,102.734863,207.723236,66.223198
1141,0,-0.138358,-1.845210,0.949868,-91.946877,110.539505,126.086937,1.038521,-1.777836,2.329928,-337.921143,134.854248,227.418335,3.225561,-0.384682,1.096682,102.734909,207.724197,66.225761
1142,0,-0.138744,-1.845389,0.949571,-91.955765,110.539909,126.088631,1.039945,-1.768475,2.341434,-337.925201,134.848358,227.414749,3.225719,-0.384770,1.096439,102.732277,207.722198,66.224663
1143,0,-0.138808,-1.845274,0.949603,-91.961868,110.538689,126.088531,1.038574,-1.777867,2.329960,-337.931732,134.840561,227.415253,3.225788,-0.384823,1.096378,102.731407,207.724014,66.224434
1144,0,-0.138671,-1.845305,0.949249,-91.971672,110.538834,126.090782,1.038556,-1.778240,2.329465,-337.943176,134.834854,227.415176,3.225728,-0.385045,1.096262,102.727325,207.723206,66.226624
1145,0,-0.138767,-1.845188,0.949391,-91.981369,110.540817,126.098228,1.039499,-1.772092,2.337263,-337.944977,134.835556,227.411713,3.225860,-0.385053,1.096257,102.725502,207.721451,66.230232
1146,0,-0.138737,-1.845491,0.949138,-91.985077,110.535789,126.098602,1.040230,-1.766564,2.344047,-337.954681,134.824493,227.407227,3.225820,-0.385364,1.096440,102.722496,207.722351,66.229103
1147,0,-0.138835,-1.845471,0.949064,-91.994812,110.540520,126.097618,1.040243,-1.767632,2.342868,-337.962799,134.818420,227.407242,3.225609,-0.385338,1.096386,102.718544,207.720123,66.233643
1148,0,-0.138839,-1.845411,0.948927,-92.003754,110.532036,126.102242,1.040465,-1.764567,2.346587,-337.967743,134.809143,227.404846,3.225984,-0.385396,1.095914,102.719208,207.720200,66.233955
1149,0,-0.138962,-1.845565,0.948912,-92.012016,110.532646,126.110313,1.040883,-1.762578,2.349236,-337.977478,134.799744,227.405090,3.225849,-0.385601,1.096248,102.713989,207.721527,66.233498
1150,0,-0.139088,-1.845770,0.948651,-92.017960,110.527405,126.112122,1.041696,-1.757832,2.355018,-337.983887,134.794617,227.400604,3.225963,-0.385537,1.096083,102.714066,207.718307,66.239342
1151,0,-0.139009,-1.845827,0.948447,-92.024704,110.531937,126.113045,1.041853,-1.757267,2.355811,-337.988525,134.786240,227.393997,3.226016,-0.385616,1.096137,102.710449,207.721100,66.234985
1152,0,-0.139392,-1.845750,0.948037,-92.037758,110.529190,126.114326,1.042586,-1.751103,2.363412,-337.997131,134.775604,227.392227,3.226200,-0.385784,1.095945,102.712448,207.722214,66.239525
1153,0,-0.138978,-1.845845,0.948188,-92.039658,110.525444,126.119568,1.043118,-1.747735,2.367588,-338.000031,134.765320,227.391876,3.225997,-0.385745,1.096106,102.709175,207.719849,66.239075
1154,0,-0.139045,-1.845903,0.948062,-92.049202,110.522171,126.123276,1.043486,-1.745139,2.370783,-338.006042,134.756393,227.387726,3.225987,-0.385969,1.095616,102.707642,207.718979,66.241150
1155,0,-0.139318,-1.845897,0.948253,-92.053734,110.521538,126.128181,1.042867,-1.750829,2.364080,-338.010284,134.752579,227.382584,3.226103,-0.386211,1.095572,102.706749,207.718140,66.240089
1156,0,-0.139240,-1.845860,0.948081,-92.065094,110.518913,126.133781,1.043502,-1.744880,2.371313,-338.015350,134.739243,227.381454,3.226123,-0.386094,1.095617,102.702774,207.719330,66.241432
1157,0,-0.139257,-1.845886,0.948061,-92.071259,110.521820,126.136902,1.044542,-1.737513,2.380311,-338.021454,134.730789,227.382889,3.226027,-0.386315,1.095566,102.701469,207.718353,66.243423
1158,0,-0.139132,-1.846034,0.947947,-92.081131,110.516701,126.140518,1.044821,-1.737233,2.380778,-338.031189,134.724167,227.383041,3.226077,-0.386386,1.095443,102.697304,207.716766,66.244057
1159,0,-0.139189,-1.845538,0.948264,-92.086197,110.511826,126.153214,1.044843,-1.735830,2.382556,-338.036316,134.708984,227.381439,3.225974,-0.386416,1.095434,102.693520,207.716934,66.245033
1160,0,-0.139191,-1.845895,0.948052,-92.097122,110.513847,126.160156,1.044939,-1.735272,2.383384,-338.041534,134.703125,227.379364,3.226190,-0.386383,1.095228,102.693031,207.715530,66.252464
1161,0,-0.139257,-1.845874,0.948161,-92.102135,110.511551,126.167580,1.045851,-1.727942,2.392163,-338.049866,134.692490,227.378784,3.226049,-0.386468,1.095250,102.689423,207.715118,66.252045
1162,0,-0.139179,-1.845856,0.948278,-92.107536,110.512939,126.170662,1.044552,-1.738277,2.380233,-338.051666,134.685150,227.385132,3.226161,-0.386408,1.094764,102.686966,207.717239,66.252747
1163,0,-0.139219,-1.845924,0.948336,-92.115143,110.508980,126.180458,1.045064,-1.734063,2.385263,-338.056824,134.673904,227.383087,3.226027,-0.386401,1.095105,102.686264,207.714844,66.253029
1164,0,-0.139374,-1.846188,0.948241,-92.120026,110.515038,126.183228,1.045110,-1.735649,2.383652,-338.062927,134.669922,227.380280,3.225935,-0.386499,1.095080,102.685822,207.716446,66.256706
1165,0,-0.139065,-1.845856,0.948396,-92.122299,110.514236,126.192436,1.046049,-1.728295,2.392364,-338.072632,134.668427,227.374908,3.225915,-0.386521,1.094687,102.683311,207.715988,66.259087
1166,0,-0.139230,-1.846265,0.948295,-92.126778,110.514359,126.196373,1.044961,-1.737221,2.381935,-338.073914,134.658646,227.376389,3.225792,-0.386530,1.095056,102.685112,207.716949,66.258545
1167,0,-0.139259,-1.845945,0.948669,-92.131538,110.518974,126.202881,1.046611,-1.723249,2.398544,-338.074341,134.647903,227.373199,3.225725,-0.386354,1.094939,102.683517,207.718796,66.261116
1168,0,-0.138990,-1.846138,0.948363,-92.135376,110.521248,126.209496,1.046110,-1.728400,2.392750,-338.074799,134.647018,227.373535,3.225772,-0.386398,1.094616,102.687393,207.720657,66.261086
1169,0,-0.139224,-1.846333,0.948373,-92.141632,110.521568,126.216797,1.045747,-1.730931,2.389761,-338.080139,134.644440,227.370071,3.225795,-0.386345,1.094501,102.682945,207.722977,66.268326
1170,0,-0.139095,-1.846184,0.948352,-92.142860,110.522568,126.221642,1.045642,-1.733551,2.386777,-338.089417,134.638596,227.370819,3.225599,-0.386392,1.094563,102.683968,207.722565,66.270424
1171,0,-0.139328,-1.846470,0.947985,-92.150467,110.523773,126.228630,1.046384,-1.726292,2.395516,-338.090607,134.629578,227.370178,3.225709,-0.386567,1.094454,102.688583,207.728836,66.272316
1172,0,-0.138925,-1.846101,0.948523,-92.150826,110.529755,126.236649,1.045754,-1.732024,2.388734,-338.101227,134.625427,227.368210,3.225336,-0.386481,1.094574,102.685257,207.734024,66.273605
1173,0,-0.139075,-1.846352,0.948342,-92.159027,110.531166,126.242294,1.045068,-1.737881,2.381888,-338.102814,134.624329,227.362625,3.225399,-0.386067,1.094199,102.687424,207.734283,66.276016
1174,0,-0.138971,-1.846082,0.948499,-92.160080,110.531807,126.248535,1.046367,-1.727442,2.394343,-338.106659,134.614059,227.363968,3.225397,-0.386142,1.094392,102.685600,207.736298,66.276192
1175,0,-0.139025,-1.846472,0.948548,-92.165977,110.535126,126.255241,1.045780,-1.732512,2.388420,-338.113373,134.615265,227.361176,3.225412,-0.386073,1.094162,102.684021,207.741119,66.274826
1176,0,-0.138959,-1.846339,0.948443,-92.168800,110.542450,126.255798,1.045812,-1.732020,2.389054,-338.116119,134.605103,227.354736,3.225159,-0.386038,1.094347,102.680664,207.741287,66.282181
1177,0,-0.139024,-1.846220,0.948788,-92.174385,110.534828,126.270134,1.045919,-1.732011,2.389181,-338.127045,134.596893,227.356323,3.225241,-0.385808,1.094337,102.686958,207.742477,66.280212
1178,0,-0.139110,-1.846370,0.948644,-92.179771,110.539658,126.266701,1.045628,-1.734388,2.386369,-338.133728,134.600296,227.349945,3.224997,-0.385670,1.093932,102.684799,207.743057,66.284134
1179,0,-0.138970,-1.846578,0.948671,-92.181984,110.541092,126.277237,1.044682,-1.740342,2.379411,-338.135773,134.591461,227.350784,3.224913,-0.385681,1.094045,102.683205,207.745377,66.282555
1180,0,-0.139196,-1.846566,0.948795,-92.186897,110.541771,126.280815,1.045111,-1.738481,2.381612,-338.148254,134.586624,227.348465,3.224775,-0.385690,1.093948,102.685181,207.746185,66.289429
1181,0,-0.139035,-1.846458,0.948680,-92.192368,110.538963,126.285957,1.046059,-1.730743,2.390820,-338.160645,134.578766,227.343964,3.224713,-0.385405,1.093701,102.684692,207.744766,66.294044
1182,0,-0.139060,-1.846657,0.948680,-92.196518,110.541397,126.295654,1.045132,-1.737838,2.382432,-338.164429,134.574280,227.343369,3.224467,-0.385489,1.093417,102.685646,207.746307,66.299744
1183,0,-0.138961,-1.846654,0.948753,-92.201103,110.540558,126.300720,1.045627,-1.734377,2.386585,-338.167572,134.570053,227.341049,3.224433,-0.385410,1.093684,102.689919,207.748474,66.307800
1184,0,-0.139015,-1.846575,0.948537,-92.205414,110.537636,126.309235,1.046329,-1.728055,2.394049,-338.177704,134.567398,227.335464,3.224304,-0.385392,1.093492,102.691528,207.747147,66.313919
1185,0,-0.139015,-1.846802,0.948694,-92.213730,110.541885,126.313629,1.046770,-1.725306,2.397382,-338.188110,134.555771,227.338181,3.224076,-0.385531,1.093284,102.697159,207.748596,66.325310
1186,0,-0.139134,-1.846573,0.948554,-92.215858,110.536659,126.319023,1.045652,-1.734385,2.386679,-338.192780,134.551926,227.336884,3.224228,-0.385459,1.092892,102.696297,207.748047,66.331955
1187,0,-0.139152,-1.846910,0.948412,-92.221779,110.538673,126.330299,1.045402,-1.736598,2.383946,-338.205322,134.551178,227.335342,3.224099,-0.385305,1.093131,102.702293,207.748672,66.343163
1188,0,-0.139223,-1.846732,0.948402,-92.229317,110.534004,126.335815,1.045199,-1.739078,2.380964,-338.218811,134.546722,227.329697,3.224052,-0.385166,1.093016,102.701286,207.749237,66.350761
1189,0,-0.139296,-1.846790,0.948414,-92.237999,110.534683,126.340775,1.045024,-1.739893,2.380075,-338.221222,134.542801,227.329376,3.224196,-0.384926,1.092858,102.705856,207.748016,66.362373
1190,0,-0.139207,-1.847075,0.948358,-92.238525,110.530815,126.349556,1.045221,-1.737417,2.383111,-338.231964,134.534561,227.329712,3.224088,-0.384701,1.092612,102.708801,207.749710,66.371597
1191,0,-0.139418,-1.846912,0.948489,-92.250130,110.532387,126.358360,1.046091,-1.730350,2.391532,-338.240601,134.536423,227.325592,3.223806,-0.384897,1.092853,102.710655,207.747818,66.379974
1192,0,-0.139555,-1.846668,0.948350,-92.258789,110.528168,126.363144,1.046695,-1.727362,2.395102,-338.260590,134.538391,227.320282,3.223982,-0.384792,1.092451,102.711121,207.746750,66.389130
1193,0,-0.139362,-1.846754,0.948674,-92.268791,110.526558,126.371445,1.046227,-1.731139,2.390727,-338.266052,134.534500,227.318024,3.223880,-0.384783,1.092350,102.712929,207.746658,66.397827
1194,0,-0.139445,-1.846811,0.948823,-92.269348,110.525505,126.379189,1.045530,-1.734567,2.386778,-338.263977,134.531860,227.317703,3.224013,-0.384740,1.091951,102.718086,207.744293,66.408218
1195,0,-0.139400,-1.846915,0.948368,-92.284698,110.528404,126.381752,1.046108,-1.730300,2.391744,-338.283783,134.523468,227.312256,3.223602,-0.384803,1.092154,102.721153,207.745544,66.418587
1196,0,-0.139700,-1.847008,0.948575,-92.283043,110.526245,126.391441,1.045792,-1.732881,2.388758,-338.282593,134.528030,227.308960,3.223692,-0.384742,1.091924,102.727394,207.742538,66.431290
1197,0,-0.139594,-1.847126,0.948667,-92.292412,110.524803,126.401947,1.046309,-1.727824,2.394665,-338.289063,134.522919,227.308105,3.223770,-0.384619,1.091855,102.732628,207.741638,66.439148
1198,0,-0.139689,-1.847333,0.948586,-92.289078,110.524010,126.410873,1.045979,-1.731473,2.390403,-338.298401,134.525970,227.302246,3.223770,-0.384456,1.091527,102.744698,207.741974,66.452133
1199,0,-0.139830,-1.847175,0.948746,-92.292603,110.522781,126.417664,1.047889,-1.715950,2.408579,-338.299652,134.516663,227.298096,3.223822,-0.384452,1.091667,102.751572,207.737793,66.461601
1200,0,-0.139662,-1.847133,0.948755,-92.298828,110.521698,126.426712,1.046312,-1.728848,2.393412,-338.300598,134.522842,227.295090,3.223691,-0.384806,1.091249,102.764061,207.736710,66.475983
1201,0,-0.139581,-1.847225,0.948506,-92.297607,110.523888,126.435143,1.046328,-1.728569,2.393733,-338.303497,134.521606,227.297104,3.223780,-0.384533,1.091095,102.772743,207.733459,66.485512
1202,0,-0.139798,-1.847579,0.948433,-92.296982,110.519257,126.449928,1.046152,-1.729838,2.392193,-338.308105,134.520386,227.292465,3.223691,-0.384383,1.090940,102.782944,207.728180,66.502792
1203,0,-0.139385,-1.847145,0.948573,-92.300941,110.514870,126.460312,1.045131,-1.739119,2.381097,-338.310120,134.514465,227.290375,3.223910,-0.384347,1.090587,102.792442,207.724121,66.518585
1204,0,-0.139569,-1.847666,0.948686,-92.298370,110.511063,126.474617,1.046840,-1.724951,2.397904,-338.318024,134.518860,227.292725,3.224040,-0.384304,1.090267,102.803001,207.720352,66.529152
1205,0,-0.139585,-1.847514,0.948395,-92.301407,110.510475,126.480713,1.047315,-1.721377,2.402065,-338.314453,134.512894,227.289764,3.224187,-0.384609,1.090145,102.818817,207.717972,66.546555
1206,0,-0.139611,-1.847563,0.948400,-92.298828,110.507454,126.496925,1.047585,-1.719906,2.403832,-338.314606,134.512619,227.287704,3.224164,-0.384225,1.089738,102.823151,207.708771,66.559441
1207,0,-0.139869,-1.847582,0.948170,-92.298653,110.506393,126.505821,1.048544,-1.710800,2.414562,-338.317657,134.502823,227.290466,3.224213,-0.384798,1.089663,102.840256,207.711380,66.573082
1208,0,-0.139897,-1.847772,0.947988,-92.297493,110.502968,126.513512,1.048134,-1.715700,2.408749,-338.322906,134.502975,227.282471,3.224148,-0.384492,1.089484,102.849197,207.702454,66.585381
1209,0,-0.139840,-1.847735,0.948129,-92.298538,110.499046,126.524475,1.047213,-1.723060,2.400047,-338.325836,134.497818,227.282974,3.224292,-0.384808,1.089267,102.859840,207.702011,66.596878
1210,0,-0.139689,-1.847712,0.947835,-92.292686,110.495354,126.535164,1.048198,-1.713562,2.411388,-338.320282,134.497925,227.281570,3.224046,-0.384592,1.089478,102.871231,207.696716,66.608109
1211,0,-0.139546,-1.847678,0.947935,-92.295593,110.492081,126.545044,1.048722,-1.709087,2.416656,-338.323120,134.489777,227.281052,3.224331,-0.384641,1.089032,102.880692,207.692139,66.622475
1212,0,-0.139871,-1.847605,0.947871,-92.296707,110.486519,126.554100,1.048346,-1.713112,2.412000,-338.326141,134.486496,227.279343,3.224451,-0.384653,1.088776,102.890305,207.689987,66.630386
1213,0,-0.139744,-1.848020,0.947750,-92.299782,110.479744,126.568497,1.048623,-1.710528,2.415119,-338.333374,134.477875,227.279816,3.224767,-0.384689,1.088670,102.895798,207.682297,66.648819
1214,0,-0.139820,-1.847856,0.947595,-92.304977,110.475983,126.580772,1.048785,-1.708971,2.416980,-338.338379,134.471970,227.278229,3.224545,-0.384862,1.088903,102.899635,207.678574,66.657982
1215,0,-0.139639,-1.847769,0.947538,-92.304718,110.473763,126.589897,1.049080,-1.706139,2.420239,-338.342651,134.466644,227.279953,3.224750,-0.384674,1.088427,102.904388,207.672058,66.674515
1216,0,-0.139870,-1.847835,0.947478,-92.308479,110.466881,126.602219,1.048111,-1.713990,2.411397,-338.342896,134.458496,227.286346,3.224846,-0.384918,1.088252,102.909897,207.669235,66.687798
1217,0,-0.139658,-1.847721,0.947424,-92.317131,110.458626,126.616463,1.048944,-1.707695,2.418738,-338.352539,134.452042,227.283096,3.224862,-0.384755,1.088065,102.917038,207.666458,66.703712
1218,0,-0.139839,-1.848074,0.947400,-92.316696,110.452126,126.635330,1.049099,-1.705639,2.421174,-338.356812,134.436157,227.286819,3.224869,-0.384629,1.088235,102.921364,207.659653,66.719254
1219,0,-0.139880,-1.848333,0.946896,-92.318054,110.449493,126.649231,1.050045,-1.698520,2.429473,-338.365540,134.430862,227.289215,3.225127,-0.384563,1.087794,102.924110,207.656677,66.734009
1220,0,-0.139962,-1.847964,0.946757,-92.316322,110.441689,126.658127,1.050223,-1.695915,2.432433,-338.369629,134.424118,227.291306,3.224999,-0.384622,1.087469,102.924492,207.647995,66.748604
1221,0,-0.139750,-1.848401,0.946527,-92.320343,110.434212,126.674561,1.049512,-1.702812,2.424618,-338.372559,134.417969,227.288635,3.224944,-0.384648,1.087404,102.932358,207.643753,66.768578
1222,0,-0.139692,-1.848423,0.946390,-92.322914,110.424042,126.686302,1.051124,-1.689431,2.439960,-338.379333,134.405975,227.292435,3.224975,-0.384676,1.087186,102.936684,207.643127,66.780159
1223,0,-0.139806,-1.848327,0.946184,-92.324173,110.416504,126.696381,1.051390,-1.686118,2.443742,-338.381256,134.403931,227.293701,3.224949,-0.384265,1.087175,102.944389,207.639893,66.798470
1224,0,-0.139657,-1.848416,0.945725,-92.328255,110.411209,126.712692,1.051265,-1.688496,2.441051,-338.389282,134.394577,227.293549,3.225128,-0.384377,1.087088,102.947456,207.636612,66.814377
1225,0,-0.139602,-1.848131,0.945612,-92.326416,110.403358,126.725105,1.051105,-1.689643,2.439878,-338.387726,134.393356,227.296768,3.224914,-0.384417,1.087307,102.956932,207.636642,66.826027
1226,0,-0.139625,-1.848752,0.945370,-92.327492,110.396332,126.738014,1.051031,-1.690368,2.439045,-338.396027,134.385284,227.301468,3.225004,-0.384174,1.086748,102.958572,207.628922,66.845337
1227,0,-0.139477,-1.848783,0.945165,-92.330116,110.388084,126.750603,1.051408,-1.687212,2.442579,-338.402008,134.380722,227.300613,3.225008,-0.384157,1.086751,102.963600,207.626328,66.861626
1228,0,-0.139610,-1.848797,0.944866,-92.325844,110.377739,126.764122,1.052114,-1.680913,2.449731,-338.410187,134.373764,227.305023,3.225259,-0.384101,1.086301,102.969460,207.621902,66.875885
1229,0,-0.139461,-1.848948,0.944890,-92.332138,110.369194,126.778053,1.050834,-1.691808,2.437434,-338.408264,134.366516,227.306244,3.225157,-0.383951,1.086117,102.973068,207.615784,66.890892
1230,0,-0.139544,-1.849122,0.944719,-92.332512,110.363472,126.788124,1.050789,-1.692039,2.437270,-338.409302,134.364120,227.308029,3.225020,-0.383822,1.086616,102.975311,207.614044,66.903076
1231,0,-0.139541,-1.849322,0.944345,-92.330040,110.353294,126.797661,1.051308,-1.687282,2.442631,-338.417053,134.357681,227.307419,3.225103,-0.383706,1.086204,102.981972,207.605499,66.917046
1232,0,-0.139508,-1.849384,0.944161,-92.324348,110.348289,126.815704,1.052422,-1.677842,2.453260,-338.426025,134.356293,227.304352,3.224945,-0.383372,1.086044,102.988297,207.605804,66.930092
1233,0,-0.139575,-1.849703,0.943922,-92.321571,110.340904,126.821991,1.052065,-1.680872,2.449868,-338.426270,134.351654,227.303070,3.225136,-0.383238,1.086434,102.991898,207.600586,66.938393
1234,0,-0.139580,-1.849805,0.943544,-92.319603,110.333046,126.827019,1.052564,-1.675926,2.455460,-338.432770,134.350739,227.301559,3.225096,-0.383400,1.086170,102.999977,207.599426,66.946732
1235,0,-0.139507,-1.849545,0.943397,-92.317062,110.323685,126.830917,1.051829,-1.684038,2.446383,-338.435638,134.345337,227.297760,3.225138,-0.383163,1.085782,103.008095,207.590454,66.957169
1236,0,-0.139686,-1.849869,0.943328,-92.313858,110.317734,126.839371,1.051754,-1.684402,2.445907,-338.442902,134.348877,227.293198,3.225111,-0.382963,1.085819,103.013580,207.591095,66.966713
1237,0,-0.139563,-1.849569,0.943213,-92.315536,110.307899,126.845253,1.052688,-1.675982,2.455447,-338.440399,134.340347,227.290405,3.225085,-0.382844,1.085727,103.020065,207.585495,66.976311
1238,0,-0.139552,-1.849771,0.943054,-92.306946,110.306786,126.848518,1.053759,-1.666255,2.466330,-338.442932,134.334732,227.284653,3.225181,-0.382744,1.085721,103.029808,207.580353,66.984268
1239,0,-0.139576,-1.849853,0.942860,-92.307243,110.297531,126.859337,1.052636,-1.676486,2.454956,-338.442535,134.332565,227.282944,3.225147,-0.382833,1.085620,103.033585,207.578339,66.993530
1240,0,-0.139584,-1.849817,0.942600,-92.308456,110.284874,126.861778,1.053081,-1.672498,2.459519,-338.447906,134.332428,227.280609,3.225272,-0.382818,1.085766,103.042145,207.575409,66.999168
1241,0,-0.139482,-1.850106,0.942488,-92.301033,110.280571,126.868370,1.052840,-1.674759,2.456969,-338.445526,134.329681,227.273834,3.225247,-0.382825,1.085445,103.049492,207.570663,67.009224
1242,0,-0.139462,-1.850042,0.942489,-92.300888,110.268768,126.876785,1.053664,-1.667896,2.464668,-338.453430,134.324707,227.268707,3.225354,-0.382857,1.085458,103.056290,207.561844,67.014091
1243,0,-0.139442,-1.850216,0.942072,-92.302399,110.258240,126.879486,1.053342,-1.671008,2.461279,-338.453735,134.321609,227.267944,3.225338,-0.382738,1.085322,103.063736,207.560715,67.026878
1244,0,-0.139681,-1.850040,0.942491,-92.295143,110.252098,126.886681,1.052825,-1.675319,2.456504,-338.449585,134.315323,227.262985,3.225208,-0.382867,1.085333,103.069565,207.550247,67.033417
1245,0,-0.139483,-1.849982,0.942218,-92.288223,110.246338,126.890076,1.053356,-1.670666,2.461729,-338.454254,134.313095,227.259277,3.225250,-0.382762,1.085301,103.074112,207.547577,67.040176
1246,0,-0.139575,-1.850216,0.942355,-92.283470,110.237366,126.896858,1.052558,-1.677105,2.454654,-338.451202,134.308792,227.260086,3.225283,-0.382779,1.085341,103.078926,207.542847,67.045410
1247,0,-0.139624,-1.850145,0.942381,-92.282295,110.226563,126.899017,1.053087,-1.671063,2.461528,-338.450439,134.301331,227.254562,3.225321,-0.382475,1.085285,103.085335,207.536987,67.054657
1248,0,-0.139485,-1.850072,0.942445,-92.279587,110.216454,126.911537,1.052288,-1.680137,2.451382,-338.452271,134.296448,227.249786,3.225380,-0.382543,1.085068,103.087143,207.530701,67.060898
1249,0,-0.139489,-1.850418,0.942328,-92.278900,110.210335,126.914543,1.052605,-1.676595,2.455450,-338.456238,134.291138,227.247070,3.225245,-0.382487,1.084826,103.092964,207.523926,67.070122
1250,0,-0.139576,-1.850167,0.942494,-92.273178,110.200035,126.917618,1.052820,-1.673528,2.458920,-338.454163,134.283813,227.244904,3.225350,-0.382580,1.084635,103.097595,207.519196,67.076157
1251,0,-0.139596,-1.850676,0.942309,-92.276009,110.186012,126.925171,1.052024,-1.680983,2.450631,-338.453674,134.280914,227.244858,3.225215,-0.382323,1.084610,103.103149,207.513321,67.088989
1252,0,-0.139445,-1.850383,0.942426,-92.271393,110.180077,126.933739,1.052731,-1.675774,2.456495,-338.460876,134.279129,227.237869,3.225110,-0.382490,1.084989,103.106384,207.506271,67.094086
1253,0,-0.139577,-1.850546,0.942288,-92.274727,110.164993,126.937569,1.052892,-1.672783,2.459778,-338.455963,134.270798,227.235382,3.225291,-0.382133,1.084583,103.108437,207.499252,67.103905
1254,0,-0.139306,-1.850503,0.942216,-92.273003,110.155830,126.943573,1.052776,-1.673814,2.458593,-338.462982,134.263641,227.233856,3.225246,-0.382320,1.084700,103.109383,207.495850,67.112434
1255,0,-0.139432,-1.850821,0.942416,-92.276733,110.150154,126.953285,1.053344,-1.668909,2.464184,-338.460876,134.265213,227.234863,3.225353,-0.382145,1.084337,103.115929,207.490768,67.123589
1256,0,-0.139553,-1.850779,0.942459,-92.275200,110.134285,126.962257,1.052477,-1.677891,2.454023,-338.461304,134.259689,227.226517,3.225207,-0.381882,1.084581,103.118927,207.482925,67.131248
1257,0,-0.139481,-1.850888,0.942397,-92.283432,110.125694,126.970665,1.052189,-1.679504,2.452277,-338.462738,134.258301,227.226822,3.225386,-0.382069,1.084287,103.117859,207.475662,67.139381
1258,0,-0.139435,-1.850751,0.942484,-92.287407,110.115952,126.976463,1.052431,-1.676392,2.455721,-338.464508,134.257355,227.229431,3.225226,-0.381737,1.084273,103.116081,207.468506,67.149887
1259,0,-0.139540,-1.851100,0.942358,-92.293983,110.103241,126.987068,1.052786,-1.674277,2.458007,-338.473907,134.252914,227.226013,3.225264,-0.381840,1.084439,103.114067,207.464188,67.161453
1260,0,-0.139695,-1.851172,0.942512,-92.300529,110.093315,127.000572,1.053548,-1.667659,2.465420,-338.479645,134.248856,227.226715,3.225317,-0.381905,1.084302,103.109245,207.457153,67.171211
1261,0,-0.139569,-1.850847,0.942445,-92.305336,110.088188,127.003014,1.052307,-1.677991,2.453856,-338.479370,134.246109,227.227478,3.225281,-0.381730,1.084300,103.110214,207.451004,67.181747
1262,0,-0.139455,-1.851427,0.942512,-92.304657,110.074257,127.016861,1.051433,-1.685314,2.445669,-338.481628,134.242722,227.226822,3.225224,-0.382032,1.084345,103.110855,207.443741,67.187088
1263,0,-0.139457,-1.851227,0.942640,-92.311737,110.062141,127.023293,1.051655,-1.683445,2.447638,-338.488892,134.239227,227.225052,3.225285,-0.381833,1.084338,103.110107,207.439697,67.194733
1264,0,-0.139591,-1.851522,0.942480,-92.321411,110.052666,127.035873,1.051144,-1.688919,2.441439,-338.487366,134.236847,227.222672,3.225559,-0.381641,1.084100,103.106781,207.432159,67.205254
1265,0,-0.139338,-1.851353,0.942698,-92.321312,110.045776,127.042595,1.050907,-1.690701,2.439420,-338.489624,134.228638,227.219864,3.225402,-0.381788,1.084025,103.106163,207.424240,67.212723
1266,0,-0.139251,-1.851603,0.942809,-92.326714,110.032387,127.045555,1.051376,-1.687080,2.443511,-338.491211,134.227249,227.215622,3.225443,-0.381736,1.083889,103.109261,207.424484,67.222534
1267,0,-0.139467,-1.851654,0.942452,-92.331436,110.022774,127.050476,1.051274,-1.687260,2.443445,-338.487732,134.223373,227.210541,3.225597,-0.381580,1.083686,103.111023,207.414520,67.226173
1268,0,-0.139355,-1.851361,0.942626,-92.329788,110.013512,127.056122,1.050459,-1.695604,2.433891,-338.491608,134.215439,227.207382,3.225509,-0.381365,1.084051,103.111107,207.411148,67.234756
1269,0,-0.139284,-1.851740,0.942482,-92.326538,110.005661,127.062637,1.050613,-1.693086,2.436804,-338.485657,134.207840,227.200409,3.225375,-0.381525,1.083933,103.114349,207.404419,67.240219
1270,0,-0.139027,-1.851620,0.942410,-92.324837,109.994965,127.063095,1.050921,-1.690943,2.439335,-338.488953,134.206497,227.191391,3.225313,-0.381332,1.083845,103.119942,207.401443,67.250122
1271,0,-0.139149,-1.851832,0.942297,-92.325310,109.981934,127.067757,1.049862,-1.700097,2.428945,-338.481659,134.198029,227.184448,3.225551,-0.381229,1.083501,103.122147,207.395386,67.253914
1272,0,-0.139126,-1.851767,0.942235,-92.318344,109.972794,127.073380,1.050129,-1.699039,2.430187,-338.480621,134.188019,227.175400,3.225436,-0.381333,1.083637,103.127960,207.390472,67.258530
1273,0,-0.138912,-1.851798,0.942453,-92.315170,109.962715,127.078369,1.049845,-1.700894,2.428132,-338.476105,134.184692,227.167465,3.225570,-0.381124,1.083555,103.135201,207.388931,67.264633
1274,0,-0.138969,-1.852103,0.942210,-92.315269,109.948540,127.079681,1.048997,-1.707947,2.420204,-338.472198,134.175888,227.159027,3.225186,-0.381231,1.083537,103.137688,207.383942,67.266144
1275,0,-0.138778,-1.851774,0.942463,-92.306580,109.941078,127.083298,1.048991,-1.709152,2.418916,-338.469543,134.176804,227.145935,3.225371,-0.381008,1.083398,103.142296,207.377762,67.270462
1276,0,-0.138893,-1.851966,0.942400,-92.300644,109.929985,127.089249,1.049054,-1.707820,2.420576,-338.467285,134.163452,227.140366,3.225253,-0.381033,1.083277,103.142685,207.375214,67.274445
1277,0,-0.138707,-1.851870,0.942362,-92.293205,109.918633,127.090927,1.048529,-1.712060,2.415815,-338.457397,134.157700,227.130417,3.225227,-0.381022,1.083510,103.150185,207.372772,67.273384
1278,0,-0.138836,-1.851908,0.942450,-92.290298,109.911240,127.088371,1.047483,-1.720907,2.405567,-338.458069,134.151047,227.118576,3.225155,-0.380859,1.083494,103.153542,207.371429,67.278038
1279,0,-0.138756,-1.852199,0.942777,-92.285332,109.897774,127.098602,1.048367,-1.713331,2.414599,-338.458344,134.143005,227.112015,3.224984,-0.380793,1.083540,103.153336,207.361954,67.279427
1280,0,-0.138693,-1.852140,0.942634,-92.278885,109.889404,127.098831,1.047929,-1.716590,2.410851,-338.455353,134.132217,227.103668,3.224936,-0.380741,1.083315,103.159790,207.361420,67.277237
1281,0,-0.138501,-1.852008,0.942807,-92.275307,109.880585,127.095848,1.047723,-1.717631,2.409788,-338.451324,134.126770,227.094711,3.224961,-0.380587,1.083461,103.160904,207.354065,67.280464
1282,0,-0.138770,-1.852057,0.943004,-92.274757,109.870316,127.104622,1.046489,-1.728133,2.397650,-338.445526,134.123413,227.087952,3.224978,-0.380509,1.083417,103.162521,207.349930,67.280540
1283,0,-0.138557,-1.852350,0.943300,-92.269661,109.852325,127.111717,1.048081,-1.715853,2.412051,-338.448975,134.111969,227.078857,3.224670,-0.380290,1.083426,103.163300,207.341354,67.290039
1284,0,-0.138762,-1.852353,0.943518,-92.268646,109.846642,127.117142,1.046593,-1.728049,2.397800,-338.446167,134.107864,227.071182,3.224741,-0.380209,1.083261,103.163612,207.338745,67.291489
1285,0,-0.138735,-1.852232,0.943298,-92.269379,109.835907,127.121017,1.047048,-1.724398,2.402201,-338.451599,134.092896,227.068909,3.224584,-0.379814,1.083230,103.159622,207.335327,67.300041
1286,0,-0.138589,-1.852611,0.943581,-92.268089,109.822723,127.127823,1.047409,-1.720442,2.406966,-338.452789,134.086227,227.060638,3.224423,-0.379736,1.083689,103.158157,207.326736,67.303963
1287,0,-0.138715,-1.852573,0.943501,-92.275352,109.804466,127.135124,1.046536,-1.728128,2.397943,-338.460938,134.077072,227.056473,3.224336,-0.379896,1.083345,103.155251,207.319977,67.316063
1288,0,-0.138531,-1.852610,0.943466,-92.276947,109.793930,127.139046,1.046098,-1.732265,2.393101,-338.464905,134.068146,227.051636,3.224169,-0.379547,1.083645,103.147476,207.310806,67.324852
1289,0,-0.138618,-1.852568,0.943769,-92.280640,109.776848,127.150551,1.046257,-1.730341,2.395487,-338.465942,134.059708,227.050201,3.224026,-0.379464,1.083471,103.142136,207.302307,67.334099
1290,0,-0.138695,-1.853047,0.943820,-92.287918,109.763695,127.160576,1.044989,-1.739624,2.384586,-338.474915,134.043457,227.048782,3.224135,-0.379181,1.083399,103.137009,207.296249,67.344864
1291,0,-0.138526,-1.852769,0.943713,-92.297554,109.748489,127.167656,1.046187,-1.731282,2.394634,-338.478912,134.040634,227.044693,3.224031,-0.379199,1.083572,103.131577,207.293259,67.354973
1292,0,-0.138607,-1.852766,0.943697,-92.309479,109.727592,127.170097,1.046004,-1.732079,2.393702,-338.489288,134.025528,227.040543,3.223785,-0.379232,1.083506,103.121559,207.278580,67.369110
1293,0,-0.138461,-1.852731,0.943699,-92.316902,109.712898,127.179008,1.046398,-1.729026,2.397341,-338.498260,134.011139,227.035004,3.223744,-0.379045,1.083187,103.114693,207.269653,67.382912
1294,0,-0.138411,-1.852608,0.943797,-92.322823,109.699043,127.187241,1.045948,-1.732397,2.393507,-338.508789,134.000305,227.036118,3.223825,-0.378840,1.083114,103.110558,207.264618,67.393494
1295,0,-0.138439,-1.853031,0.943823,-92.334976,109.677544,127.193153,1.045524,-1.735060,2.390309,-338.518921,133.993347,227.031555,3.223597,-0.378792,1.083063,103.101425,207.256119,67.408691
1296,0,-0.138481,-1.853096,0.943695,-92.343628,109.664482,127.201660,1.045196,-1.737605,2.387416,-338.527313,133.978348,227.029175,3.223578,-0.378541,1.082983,103.096169,207.247528,67.423302
1297,0,-0.138208,-1.853206,0.943697,-92.361153,109.644325,127.203613,1.045452,-1.734774,2.390812,-338.535858,133.967300,227.025589,3.223533,-0.378672,1.082746,103.095787,207.241150,67.435562
1298,0,-0.138379,-1.852936,0.943843,-92.368713,109.624039,127.206299,1.044036,-1.746341,2.377012,-338.543457,133.958313,227.020859,3.223420,-0.378659,1.082700,103.090912,207.232178,67.447891
1299,0,-0.138607,-1.853268,0.943755,-92.378792,109.609795,127.210411,1.044835,-1.740165,2.384443,-338.546173,133.948303,227.012421,3.223598,-0.378526,1.082479,103.084717,207.223053,67.463951
1300,0,-0.138499,-1.853230,0.943776,-92.387360,109.594849,127.212746,1.045781,-1.731930,2.394277,-338.555511,133.937653,227.009659,3.223526,-0.378384,1.082598,103.087044,207.216034,67.477707
1301,0,-0.138368,-1.853454,0.943834,-92.396103,109.575829,127.217247,1.044755,-1.740267,2.384365,-338.555420,133.924011,227.006973,3.223498,-0.378373,1.082470,103.083786,207.206573,67.491043
1302,0,-0.138552,-1.853376,0.943676,-92.403656,109.554314,127.217781,1.044716,-1.741454,2.382907,-338.562500,133.914978,226.996445,3.223441,-0.378555,1.082332,103.086868,207.198059,67.506630
1303,0,-0.138429,-1.853516,0.943687,-92.413315,109.544510,127.218651,1.045402,-1.734991,2.390568,-338.565430,133.907608,226.986862,3.223470,-0.378631,1.082133,103.091400,207.192108,67.520012
1304,0,-0.138756,-1.853645,0.943878,-92.418968,109.521210,127.221466,1.045204,-1.736452,2.388925,-338.566345,133.893799,226.979431,3.223483,-0.378650,1.082090,103.092850,207.179626,67.537910
1305,0,-0.138488,-1.853790,0.943807,-92.428337,109.502556,127.224297,1.045262,-1.736722,2.388404,-338.570587,133.887222,226.965942,3.223536,-0.378690,1.081904,103.096954,207.169266,67.555595
1306,0,-0.138541,-1.853783,0.943802,-92.437126,109.478317,127.228050,1.046454,-1.726413,2.400595,-338.571930,133.878433,226.954300,3.223506,-0.378569,1.081660,103.095024,207.158463,67.573753
1307,0,-0.138478,-1.853803,0.944230,-92.440125,109.463608,127.226845,1.045719,-1.731041,2.395142,-338.573700,133.866165,226.948669,3.223801,-0.378753,1.081079,103.104355,207.148270,67.595268
1308,0,-0.138474,-1.854196,0.944035,-92.443886,109.448914,127.226563,1.046796,-1.722344,2.405378,-338.572357,133.854736,226.939377,3.223789,-0.378888,1.081153,103.104195,207.137024,67.609138
1309,0,-0.138773,-1.853818,0.944103,-92.451256,109.421921,127.229866,1.046463,-1.724918,2.402228,-338.576355,133.843689,226.931488,3.223890,-0.378550,1.080797,103.109695,207.130997,67.627693
1310,0,-0.138482,-1.854057,0.944349,-92.459389,109.399025,127.231033,1.047345,-1.717329,2.411087,-338.564850,133.840988,226.913132,3.224046,-0.378978,1.080698,103.116508,207.122620,67.648140
1311,0,-0.138621,-1.854119,0.944188,-92.471291,109.379150,127.226692,1.046928,-1.719706,2.408234,-338.571350,133.825485,226.904846,3.224116,-0.379236,1.080577,103.115295,207.112106,67.664017
1312,0,-0.138621,-1.854383,0.944402,-92.475533,109.359245,127.231445,1.046447,-1.722840,2.404398,-338.565674,133.812180,226.889389,3.224488,-0.379157,1.080354,103.121674,207.106064,67.688240
1313,0,-0.138508,-1.854253,0.943946,-92.489128,109.329788,127.230835,1.045969,-1.726157,2.400416,-338.569519,133.799347,226.884216,3.224361,-0.379018,1.079783,103.123322,207.094147,67.708168
1314,0,-0.138661,-1.854554,0.944188,-92.492409,109.312042,127.230331,1.046279,-1.721313,2.406107,-338.561676,133.785217,226.871918,3.224556,-0.379343,1.079617,103.126945,207.087830,67.727364
1315,0,-0.138394,-1.854377,0.944279,-92.502312,109.285248,127.231445,1.046190,-1.721909,2.405366,-338.561279,133.779877,226.860275,3.224711,-0.379339,1.079202,103.128304,207.081512,67.748466
1316,0,-0.138481,-1.854569,0.944839,-92.506798,109.262970,127.238052,1.046899,-1.715110,2.413220,-338.560364,133.770462,226.851639,3.224931,-0.379598,1.078942,103.132301,207.073685,67.771713
1317,0,-0.138504,-1.854866,0.944622,-92.510918,109.236801,127.242554,1.045667,-1.724948,2.401623,-338.552582,133.758636,226.841293,3.224928,-0.379819,1.078846,103.132332,207.068497,67.791603
1318,0,-0.138133,-1.854876,0.944893,-92.523903,109.210052,127.244499,1.045120,-1.728054,2.397836,-338.550476,133.750168,226.831833,3.225180,-0.379772,1.078273,103.131767,207.059723,67.815849
1319,0,-0.138163,-1.854909,0.944946,-92.525131,109.188248,127.252907,1.046130,-1.719175,2.408116,-338.549988,133.735535,226.822647,3.225454,-0.379706,1.078052,103.137314,207.051270,67.840462
1320,0,-0.138117,-1.855196,0.944912,-92.534821,109.160324,127.257942,1.046385,-1.716183,2.411441,-338.541901,133.727539,226.813782,3.225370,-0.380227,1.078080,103.139320,207.043701,67.868362
1321,0,-0.137776,-1.855200,0.944858,-92.537399,109.132515,127.264870,1.045579,-1.721950,2.404613,-338.538696,133.719513,226.808151,3.228620,-0.368382,1.069678,103.232048,206.901871,67.997276
1322,0,-0.137816,-1.855789,0.944907,-92.546059,109.106026,127.271400,1.047487,-1.706124,2.422732,-338.537781,133.700226,226.795273,3.228656,-0.368422,1.069447,103.234276,206.890518,68.030930
1323,0,-0.137702,-1.855454,0.944877,-92.559357,109.073486,127.283287,1.047417,-1.706133,2.422544,-338.537231,133.694046,226.792542,3.228910,-0.368646,1.068969,103.231010,206.879883,68.060715
1324,0,-0.137227,-1.855991,0.944570,-92.564606,109.041214,127.293709,1.047897,-1.702967,2.426072,-338.537659,133.684555,226.784180,3.228903,-0.368750,1.068680,103.234550,206.869965,68.095840
1325,0,-0.137122,-1.856189,0.944331,-92.573509,109.005005,127.303764,1.047882,-1.701972,2.427054,-338.533813,133.676193,226.779526,3.229032,-0.368868,1.068510,103.231049,206.860535,68.134392
1326,0,-0.137055,-1.856180,0.944091,-92.588112,108.969810,127.308769,1.047974,-1.701364,2.427521,-338.531555,133.663696,226.770081,3.228999,-0.369081,1.068712,103.231361,206.850296,68.168945
1327,0,-0.136668,-1.856573,0.943603,-92.603912,108.935173,127.320572,1.049336,-1.690529,2.439699,-338.537903,133.659973,226.760910,3.229187,-0.368845,1.068101,103.224380,206.834824,68.203606
1328,0,-0.136248,-1.856461,0.943539,-92.616158,108.894615,127.330315,1.049909,-1.686120,2.444580,-338.538818,133.657730,226.754791,3.229001,-0.369132,1.068239,103.215927,206.826111,68.240761
1329,0,-0.136078,-1.856941,0.943073,-92.633751,108.855469,127.338219,1.049392,-1.689924,2.440121,-338.542114,133.641830,226.750427,3.229335,-0.369127,1.068010,103.214180,206.817047,68.276024
1330,0,-0.135742,-1.857194,0.942874,-92.644684,108.818420,127.347366,1.050939,-1.677058,2.454397,-338.546021,133.632935,226.740479,3.229166,-0.369389,1.067981,103.204002,206.804596,68.313751
1331,0,-0.135361,-1.857135,0.942796,-92.663002,108.769577,127.350822,1.050446,-1.682240,2.448491,-338.551178,133.630356,226.737137,3.229105,-0.369380,1.068306,103.193939,206.797272,68.344536
1332,0,-0.134884,-1.857083,0.942727,-92.672318,108.732948,127.359253,1.050857,-1.678979,2.451974,-338.554932,133.618668,226.730484,3.229105,-0.369624,1.068504,103.184425,206.783569,68.380692
1333,0,-0.134677,-1.857038,0.942309,-92.693016,108.690910,127.360344,1.049667,-1.691236,2.438030,-338.565247,133.611237,226.723328,3.228945,-0.369745,1.068506,103.170616,206.777298,68.417389
1334,0,-0.134123,-1.857189,0.942153,-92.699081,108.646233,127.367180,1.049726,-1.690086,2.439137,-338.566010,133.605362,226.716599,3.228843,-0.369659,1.068713,103.162544,206.767441,68.450478
1335,0,-0.133837,-1.857494,0.941927,-92.714073,108.597572,127.372475,1.049633,-1.691948,2.436901,-338.571411,133.601807,226.704010,3.228817,-0.369982,1.069128,103.149033,206.759888,68.489243
1336,0,-0.133569,-1.857212,0.941855,-92.725830,108.549126,127.376320,1.049797,-1.690426,2.438354,-338.577362,133.587189,226.691940,3.228528,-0.370012,1.069287,103.137520,206.752090,68.525284
1337,0,-0.133109,-1.857315,0.941905,-92.736542,108.498581,127.379433,1.049108,-1.696715,2.431125,-338.576782,133.579849,226.689011,3.228426,-0.370223,1.069391,103.123253,206.744797,68.556778
1338,0,-0.132459,-1.857572,0.941943,-92.752899,108.445343,127.379280,1.049519,-1.691886,2.436567,-338.577576,133.572479,226.680389,3.228413,-0.370450,1.069502,103.112846,206.738953,68.592888
1339,0,-0.132072,-1.857751,0.941418,-92.763268,108.396324,127.379539,1.048102,-1.703170,2.423417,-338.580719,133.556061,226.673172,3.228135,-0.370712,1.070046,103.097504,206.730576,68.628975
1340,0,-0.131771,-1.858033,0.940820,-92.779434,108.336342,127.375450,1.049027,-1.694706,2.433096,-338.577393,133.548630,226.663528,3.228177,-0.371019,1.069865,103.086220,206.724960,68.662483
1341,0,-0.131239,-1.858631,0.940353,-92.789154,108.276291,127.373459,1.049337,-1.691358,2.436844,-338.578125,133.534988,226.657135,3.228089,-0.371465,1.069892,103.074829,206.720673,68.698830
1342,0,-0.130725,-1.858825,0.939561,-92.812355,108.216278,127.363693,1.049619,-1.687779,2.440687,-338.571503,133.528519,226.639725,3.227982,-0.371394,1.070152,103.059937,206.710159,68.732414
1343,0,-0.130212,-1.859108,0.938978,-92.827393,108.152756,127.356705,1.049259,-1.690567,2.437380,-338.573456,133.511322,226.634171,3.227706,-0.371943,1.070043,103.047516,206.706696,68.766426
1344,0,-0.129767,-1.859276,0.938587,-92.841911,108.095161,127.350342,1.049913,-1.682767,2.446238,-338.561066,133.497101,226.622589,3.227616,-0.372013,1.070256,103.037750,206.698654,68.802078
1345,0,-0.129546,-1.859769,0.938394,-92.856094,108.039780,127.338562,1.048132,-1.696628,2.430340,-338.554474,133.488861,226.609879,3.227603,-0.372299,1.069915,103.020859,206.694122,68.840240
1346,0,-0.128897,-1.860415,0.937658,-92.872200,107.981773,127.333801,1.048975,-1.690050,2.437623,-338.554932,133.475296,226.598633,3.227407,-0.372556,1.070382,103.003220,206.684341,68.875992
1347,0,-0.128300,-1.860582,0.937537,-92.890556,107.917175,127.327782,1.049484,-1.685193,2.443079,-338.547028,133.470154,226.587112,3.227386,-0.372733,1.070262,102.987671,206.676651,68.919014
1348,0,-0.128241,-1.860869,0.937154,-92.908409,107.854187,127.318192,1.048622,-1.690779,2.436599,-338.536987,133.453690,226.577637,3.227334,-0.372824,1.070250,102.968513,206.666260,68.953285
1349,0,-0.127673,-1.861435,0.936784,-92.925903,107.792648,127.317039,1.048797,-1.688084,2.439590,-338.533783,133.444641,226.567337,3.227359,-0.372709,1.069740,102.944069,206.652466,68.993240
1350,0,-0.127134,-1.861780,0.936246,-92.938957,107.735527,127.304283,1.047447,-1.697185,2.429061,-338.533142,133.430466,226.560822,3.227245,-0.372885,1.069991,102.931282,206.642990,69.032875
1351,0,-0.126675,-1.862309,0.935886,-92.962357,107.667381,127.296448,1.047876,-1.695092,2.431366,-338.531128,133.423401,226.544449,3.227291,-0.373145,1.069716,102.907242,206.631744,69.077126
1352,0,-0.126386,-1.863025,0.935041,-92.982498,107.604919,127.278313,1.047142,-1.701283,2.423928,-338.541260,133.402313,226.533356,3.227219,-0.373311,1.069586,102.885048,206.622665,69.114456
1353,0,-0.126210,-1.863609,0.934680,-93.007095,107.539803,127.271683,1.046854,-1.703209,2.421509,-338.541260,133.392654,226.517761,3.227256,-0.373543,1.069299,102.859489,206.611221,69.157211
1354,0,-0.125903,-1.863790,0.934276,-93.034378,107.474258,127.261757,1.046026,-1.709826,2.413670,-338.545105,133.387421,226.505676,3.227245,-0.373793,1.069048,102.832336,206.598251,69.200531
1355,0,-0.125485,-1.863643,0.933870,-93.058113,107.406517,127.247902,1.046730,-1.704552,2.419481,-338.550415,133.372559,226.491516,3.227189,-0.373976,1.068903,102.804367,206.583420,69.243378
1356,0,-0.125162,-1.864113,0.932948,-93.086617,107.338989,127.230659,1.045199,-1.715951,2.405909,-338.557465,133.354065,226.478836,3.226840,-0.374187,1.069156,102.780334,206.573425,69.283714
1357,0,-0.124905,-1.863989,0.932453,-93.109634,107.274048,127.222389,1.045266,-1.716040,2.405530,-338.557770,133.337433,226.463043,3.226923,-0.374433,1.068877,102.752724,206.560120,69.323517
1358,0,-0.124367,-1.863641,0.932207,-93.135597,107.207024,127.211693,1.044986,-1.716392,2.404678,-338.561005,133.320190,226.449982,3.226770,-0.374555,1.068730,102.726105,206.548126,69.368729
1359,0,-0.124220,-1.863530,0.931915,-93.161125,107.138565,127.200691,1.043388,-1.728915,2.389742,-338.565308,133.306671,226.438446,3.226387,-0.374849,1.068870,102.695595,206.532974,69.411598
1360,0,-0.123852,-1.863039,0.931152,-93.195770,107.070335,127.184853,1.042006,-1.739838,2.376560,-338.571106,133.294556,226.427109,3.226680,-0.374792,1.068935,102.674217,206.519592,69.453972
1361,0,-0.123579,-1.863102,0.930795,-93.216118,107.002068,127.175644,1.040298,-1.750894,2.362785,-338.575775,133.269592,226.415283,3.226455,-0.375041,1.069064,102.650299,206.506058,69.497269
1362,0,-0.123346,-1.863590,0.930366,-93.242233,106.932945,127.164230,1.039626,-1.754423,2.358194,-338.577911,133.251511,226.403183,3.226425,-0.375038,1.069179,102.625839,206.487015,69.541862
1363,0,-0.123071,-1.864016,0.930012,-93.267166,106.867706,127.146095,1.040822,-1.746023,2.368102,-338.583771,133.230667,226.393051,3.225876,-0.375249,1.070102,102.601692,206.473373,69.589668
1364,0,-0.122584,-1.864120,0.929523,-93.297897,106.797951,127.128883,1.039224,-1.755944,2.355808,-338.586548,133.210175,226.381851,3.225726,-0.375363,1.070154,102.570633,206.453964,69.631790
1365,0,-0.122776,-1.864657,0.928946,-93.324242,106.720169,127.113998,1.037989,-1.763337,2.346496,-338.585999,133.187683,226.372253,3.225660,-0.375459,1.070273,102.545258,206.436218,69.674721
1366,0,-0.122286,-1.864751,0.928841,-93.352913,106.650803,127.098846,1.035289,-1.780984,2.324565,-338.578461,133.167358,226.363647,3.225457,-0.375627,1.070782,102.519417,206.418091,69.717789
1367,0,-0.122367,-1.864989,0.928624,-93.383453,106.578354,127.086357,1.035485,-1.778761,2.327134,-338.584778,133.143204,226.354843,3.225441,-0.375736,1.070799,102.492195,206.399292,69.757751
1368,0,-0.122156,-1.865346,0.928496,-93.416534,106.503563,127.073288,1.035922,-1.774066,2.332842,-338.578400,133.125687,226.340866,3.225243,-0.376097,1.071504,102.462692,206.378540,69.804016
1369,0,-0.122362,-1.866033,0.928414,-93.449585,106.431000,127.054855,1.035298,-1.777596,2.328294,-338.582794,133.105301,226.331787,3.225144,-0.375978,1.071580,102.434319,206.357773,69.844551
1370,0,-0.122251,-1.866625,0.928181,-93.487228,106.356033,127.036957,1.035868,-1.773369,2.333419,-338.583435,133.084290,226.323853,3.224757,-0.376253,1.072513,102.409523,206.337875,69.887825
1371,0,-0.122324,-1.867240,0.928127,-93.522690,106.284241,127.020760,1.036883,-1.765294,2.343357,-338.581696,133.063980,226.313980,3.224669,-0.376051,1.072768,102.381195,206.316483,69.927864
1372,0,-0.122281,-1.867790,0.927787,-93.558029,106.214966,127.000961,1.035969,-1.769156,2.338569,-338.589081,133.033157,226.314468,3.224348,-0.376506,1.073113,102.353577,206.293304,69.971024
1373,0,-0.122183,-1.868410,0.927415,-93.593185,106.147171,126.990456,1.037066,-1.761706,2.347666,-338.591278,133.009705,226.305054,3.224316,-0.376390,1.073437,102.324471,206.271103,70.014252
1374,0,-0.122207,-1.869546,0.927595,-93.623306,106.077919,126.978455,1.037608,-1.756767,2.353653,-338.590546,132.983368,226.297394,3.223940,-0.376632,1.073877,102.293686,206.243073,70.055054
1375,0,-0.122086,-1.869651,0.927748,-93.656143,106.002899,126.969498,1.037550,-1.756472,2.354150,-338.593231,132.962006,226.293365,3.223835,-0.376945,1.074044,102.267921,206.211395,70.098289
1376,0,-0.121741,-1.869807,0.927883,-93.686050,105.935265,126.959175,1.037713,-1.754733,2.356213,-338.597626,132.939301,226.279480,3.223944,-0.376915,1.074264,102.240387,206.184418,70.136185
1377,0,-0.121367,-1.869967,0.927706,-93.723724,105.860298,126.952095,1.038297,-1.749817,2.362141,-338.604401,132.911118,226.271240,3.224047,-0.376993,1.074468,102.208420,206.157104,70.177032
1378,0,-0.120875,-1.869650,0.927191,-93.755699,105.793762,126.930115,1.039320,-1.741650,2.371960,-338.607971,132.889755,226.263763,3.224051,-0.376872,1.074377,102.180008,206.125870,70.218536
1379,0,-0.120703,-1.869867,0.926585,-93.794891,105.717888,126.911980,1.039403,-1.740894,2.372734,-338.613007,132.866760,226.255417,3.223930,-0.377151,1.074349,102.145905,206.092697,70.256660
1380,0,-0.120425,-1.870088,0.925605,-93.835182,105.648079,126.892242,1.039709,-1.738452,2.375515,-338.616638,132.842789,226.245926,3.223957,-0.377172,1.074447,102.114105,206.058365,70.295586
1381,0,-0.120224,-1.870156,0.924521,-93.872414,105.568977,126.878532,1.040132,-1.734317,2.380407,-338.622620,132.820923,226.238403,3.224142,-0.377449,1.074140,102.077873,206.022964,70.336464
1382,0,-0.119676,-1.870055,0.923404,-93.909927,105.495392,126.862541,1.041045,-1.727311,2.388671,-338.634064,132.794632,226.230759,3.224214,-0.377359,1.074159,102.041763,205.987854,70.370537
1383,0,-0.119443,-1.870157,0.922489,-93.951942,105.417793,126.851097,1.040926,-1.727204,2.388588,-338.641968,132.775513,226.218262,3.224276,-0.377745,1.074224,102.004089,205.956223,70.412827
1384,0,-0.119174,-1.870439,0.921937,-93.983780,105.349625,126.836136,1.041898,-1.718495,2.398709,-338.652466,132.748581,226.209991,3.224221,-0.377731,1.074218,101.970352,205.917435,70.447189
1385,0,-0.119013,-1.870926,0.921279,-94.032959,105.277061,126.819122,1.040316,-1.729995,2.384962,-338.658905,132.724060,226.198639,3.224424,-0.377774,1.074390,101.932816,205.878281,70.486389
1386,0,-0.118745,-1.871880,0.920152,-94.074791,105.203400,126.800018,1.041053,-1.722964,2.393099,-338.667969,132.701538,226.191193,3.224275,-0.378145,1.074476,101.895378,205.839050,70.524780
1387,0,-0.118450,-1.872233,0.919518,-94.117378,105.126114,126.777496,1.040327,-1.728897,2.385906,-338.679138,132.684387,226.174759,3.224461,-0.378013,1.074633,101.861748,205.796661,70.559814
1388,0,-0.118473,-1.872612,0.919223,-94.161079,105.051048,126.753342,1.041181,-1.720820,2.395194,-338.681732,132.659088,226.167221,3.224617,-0.378092,1.074612,101.822701,205.754517,70.594360
1389,0,-0.118126,-1.872428,0.919241,-94.199539,104.975670,126.734436,1.041424,-1.718498,2.397757,-338.689636,132.644287,226.154373,3.224699,-0.378259,1.074787,101.781731,205.707245,70.634979
1390,0,-0.117828,-1.872928,0.919251,-94.236526,104.901001,126.717209,1.040939,-1.719882,2.396011,-338.696960,132.620605,226.147995,3.224684,-0.378217,1.074860,101.742882,205.658585,70.672684
1391,0,-0.117710,-1.873047,0.919482,-94.276291,104.831459,126.695183,1.039928,-1.726984,2.387521,-338.702942,132.604279,226.141342,3.225010,-0.378197,1.074988,101.705544,205.611938,70.710144
1392,0,-0.117481,-1.873861,0.919943,-94.309998,104.758560,126.670197,1.040939,-1.719101,2.396547,-338.718231,132.583878,226.125717,3.224968,-0.378380,1.075543,101.664955,205.563721,70.745308
1393,0,-0.116969,-1.875060,0.919365,-94.354507,104.677277,126.640602,1.041228,-1.715456,2.400602,-338.721863,132.561813,226.118286,3.225370,-0.378546,1.075854,101.623825,205.518112,70.779579
1394,0,-0.116656,-1.875374,0.918931,-94.400177,104.594589,126.608192,1.042865,-1.702170,2.415792,-338.738403,132.544098,226.106857,3.225609,-0.378808,1.075852,101.585236,205.463058,70.819611
1395,0,-0.117037,-1.875620,0.918479,-94.446922,104.517799,126.578781,1.042740,-1.703135,2.414316,-338.750702,132.522156,226.094559,3.225696,-0.378998,1.076420,101.543480,205.413651,70.861618
1396,0,-0.116940,-1.875497,0.917645,-94.496544,104.427414,126.540688,1.042611,-1.704421,2.412510,-338.758759,132.504684,226.079880,3.225878,-0.379086,1.076570,101.495758,205.356735,70.900772
1397,0,-0.116793,-1.874843,0.917304,-94.536858,104.339294,126.508263,1.041532,-1.712849,2.402320,-338.780090,132.480469,226.064301,3.226208,-0.379099,1.076378,101.441856,205.298279,70.945396
1398,0,-0.116271,-1.874416,0.916290,-94.586845,104.250443,126.470566,1.042748,-1.703963,2.412292,-338.800842,132.459305,226.051910,3.226489,-0.379226,1.076153,101.392448,205.242126,70.988022
1399,0,-0.116082,-1.874625,0.915266,-94.630562,104.158318,126.439064,1.040994,-1.717510,2.396039,-338.810242,132.441528,226.032745,3.227066,-0.379390,1.076503,101.343834,205.189316,71.025810
1400,0,-0.115652,-1.875425,0.914218,-94.670082,104.068329,126.411797,1.040230,-1.722854,2.389310,-338.821899,132.418488,226.013062,3.227316,-0.379780,1.076619,101.284019,205.132355,71.062584
1401,0,-0.115034,-1.875213,0.913541,-94.708130,103.983383,126.377655,1.039381,-1.729815,2.380714,-338.842834,132.393051,225.993378,3.227514,-0.379767,1.077211,101.230461,205.072113,71.101608
1402,0,-0.114663,-1.874954,0.913491,-94.744347,103.893089,126.353218,1.039314,-1.730159,2.379867,-338.853424,132.372299,225.971542,3.227646,-0.379931,1.077808,101.169632,205.020309,71.140762
1403,0,-0.114107,-1.874926,0.912950,-94.788857,103.795914,126.325470,1.039926,-1.724081,2.386448,-338.867798,132.343613,225.953079,3.228084,-0.380046,1.078102,101.111488,204.960678,71.175980
1404,0,-0.113630,-1.875629,0.912569,-94.833740,103.697647,126.299141,1.038283,-1.735383,2.372646,-338.878632,132.321960,225.935196,3.228064,-0.380409,1.078582,101.054131,204.907928,71.216202
1405,0,-0.113240,-1.877183,0.911932,-94.878677,103.602142,126.260910,1.037263,-1.741058,2.365593,-338.884705,132.299042,225.919540,3.228286,-0.380250,1.079112,100.988274,204.844666,71.256477
1406,0,-0.112881,-1.877672,0.911674,-94.935997,103.495995,126.216728,1.035498,-1.751922,2.352365,-338.892395,132.278320,225.906998,3.228393,-0.380717,1.079558,100.917862,204.789246,71.294617
1407,0,-0.112511,-1.877802,0.911842,-94.990143,103.392693,126.167236,1.034864,-1.754454,2.349236,-338.896606,132.261139,225.899338,3.228531,-0.380975,1.079917,100.855034,204.733582,71.330986
1408,0,-0.112390,-1.877079,0.911646,-95.043167,103.282433,126.124588,1.032397,-1.769636,2.330379,-338.900360,132.240479,225.885101,3.228822,-0.381135,1.080602,100.792305,204.678497,71.370522
1409,0,-0.112159,-1.876935,0.911215,-95.084877,103.165070,126.070259,1.031914,-1.771093,2.328370,-338.904419,132.220856,225.875214,3.228836,-0.381418,1.081417,100.728607,204.627914,71.408142
1410,0,-0.111883,-1.877157,0.910678,-95.130798,103.058975,126.017120,1.031131,-1.774351,2.324082,-338.904633,132.198090,225.862000,3.228749,-0.381852,1.081416,100.661858,204.572861,71.454292
1411,0,-0.112104,-1.877502,0.910569,-95.171585,102.946198,125.975769,1.028742,-1.787499,2.307381,-338.909546,132.176315,225.851501,3.228694,-0.382007,1.081973,100.596962,204.516769,71.495216
1412,0,-0.111650,-1.877209,0.910503,-95.204536,102.839035,125.941101,1.029181,-1.783468,2.311996,-338.909698,132.157318,225.831375,3.228657,-0.382622,1.082545,100.530136,204.464600,71.536423
1413,0,-0.111454,-1.877671,0.909729,-95.243584,102.721878,125.906822,1.029313,-1.780430,2.315347,-338.922241,132.131775,225.819046,3.228480,-0.382733,1.083147,100.464371,204.405212,71.575912
1414,0,-0.110790,-1.878201,0.908792,-95.291756,102.608582,125.868065,1.028752,-1.782692,2.312128,-338.922089,132.110260,225.805664,3.228071,-0.382935,1.084299,100.395538,204.353012,71.622368
1415,0,-0.109723,-1.879505,0.907720,-95.343102,102.487350,125.828506,1.026786,-1.793644,2.297903,-338.928680,132.091949,225.781006,3.228000,-0.383372,1.085195,100.326157,204.298141,71.664246
1416,0,-0.109464,-1.880503,0.906822,-95.403114,102.371925,125.792099,1.025777,-1.799552,2.290067,-338.935211,132.073547,225.768143,3.227477,-0.383884,1.086830,100.263107,204.247009,71.708519
1417,0,-0.108483,-1.880938,0.906867,-95.461388,102.250908,125.753433,1.026389,-1.794067,2.296684,-338.935974,132.048615,225.751785,3.227017,-0.384212,1.087938,100.187790,204.193146,71.750206
1418,0,-0.107863,-1.880442,0.906004,-95.528168,102.129585,125.691505,1.025039,-1.801551,2.286889,-338.943298,132.030762,225.733612,3.226658,-0.384891,1.088882,100.113632,204.141098,71.790855
1419,0,-0.107285,-1.880106,0.905077,-95.595863,102.002708,125.622574,1.025150,-1.799715,2.288702,-338.954254,132.011932,225.712631,3.226229,-0.385215,1.090043,100.030060,204.087082,71.833977
1420,0,-0.107429,-1.879994,0.905287,-95.653236,101.872910,125.576691,1.025748,-1.795646,2.293148,-338.964813,131.990463,225.684647,3.226117,-0.385081,1.091176,99.955627,204.030640,71.889565
1421,0,-0.107337,-1.880438,0.905937,-95.707764,101.736847,125.526085,1.023509,-1.808392,2.276237,-338.973297,131.964279,225.657135,3.225802,-0.385764,1.092234,99.867950,203.975632,71.941269
1422,0,-0.107215,-1.880840,0.905070,-95.773163,101.601677,125.471519,1.022211,-1.815702,2.265918,-338.992859,131.940948,225.631073,3.225760,-0.385732,1.093594,99.780167,203.917679,71.991737
1423,0,-0.106856,-1.882020,0.903630,-95.832352,101.473145,125.415649,1.016868,-1.844434,2.227268,-339.005219,131.917175,225.606430,3.225544,-0.386069,1.095046,99.690247,203.861313,72.047974
1424,0,-0.106375,-1.883376,0.902739,-95.896484,101.336914,125.368759,1.017895,-1.839503,2.233009,-339.025726,131.896088,225.577972,3.225409,-0.386438,1.096407,99.598793,203.804504,72.106941
1425,0,-0.106020,-1.883791,0.902049,-95.954269,101.216423,125.325653,1.014811,-1.854421,2.212199,-339.037262,131.863800,225.551285,3.225049,-0.386953,1.097249,99.500557,203.746857,72.164330
1426,0,-0.105307,-1.884773,0.901098,-96.036285,101.086967,125.267166,1.011317,-1.871816,2.187786,-339.049103,131.847107,225.531708,3.225246,-0.387301,1.097703,99.406319,203.687042,72.223228
1427,0,-0.103933,-1.883843,0.900614,-96.117958,100.949524,125.207413,1.011492,-1.869760,2.190092,-339.056061,131.830673,225.516693,3.225211,-0.387682,1.098662,99.315178,203.630981,72.282516
1428,0,-0.103575,-1.883368,0.899650,-96.192139,100.808441,125.159561,1.010634,-1.872654,2.185617,-339.059723,131.813690,225.501953,3.225474,-0.388045,1.098786,99.221069,203.570236,72.346100
1429,0,-0.103210,-1.883846,0.898923,-96.270012,100.658165,125.094337,1.010969,-1.868795,2.190318,-339.061462,131.790039,225.485321,3.225260,-0.388463,1.099605,99.131310,203.510727,72.412964
1430,0,-0.103053,-1.885552,0.898058,-96.353928,100.517342,125.024345,1.012996,-1.856287,2.206864,-339.061676,131.763992,225.472992,3.225102,-0.389346,1.100601,99.037361,203.446869,72.480125
1431,0,-0.103046,-1.885964,0.897783,-96.416832,100.380669,124.964188,1.013442,-1.852219,2.211823,-339.063873,131.749619,225.457123,3.224833,-0.389834,1.101723,98.943665,203.386520,72.549484
1432,0,-0.102811,-1.886328,0.897459,-96.476700,100.238380,124.910553,1.015369,-1.841223,2.225790,-339.071381,131.724426,225.434738,3.225128,-0.390226,1.102273,98.853714,203.317215,72.620438
1433,0,-0.102428,-1.887300,0.896670,-96.543755,100.097824,124.854347,1.016834,-1.831541,2.237955,-339.077606,131.701019,225.415054,3.225343,-0.390250,1.103464,98.763763,203.256638,72.695534
1434,0,-0.101490,-1.887495,0.896835,-96.614601,99.945961,124.803635,1.016030,-1.834080,2.233849,-339.081482,131.675354,225.395920,3.225391,-0.390652,1.104747,98.664192,203.185760,72.757309
1435,0,-0.101100,-1.887324,0.895800,-96.690300,99.796478,124.737083,1.019363,-1.813989,2.259383,-339.091064,131.650665,225.377396,3.225389,-0.391020,1.105709,98.569901,203.120163,72.831764
1436,0,-0.100634,-1.887734,0.893721,-96.789268,99.639732,124.659203,1.021050,-1.802098,2.274190,-339.094513,131.628952,225.362122,3.225619,-0.391903,1.106676,98.473228,203.044754,72.899086
1437,0,-0.100322,-1.888788,0.892797,-96.870445,99.492409,124.590477,1.019715,-1.809074,2.264560,-339.099152,131.613174,225.339432,3.225840,-0.392155,1.107604,98.366417,202.973251,72.979057
1438,0,-0.100339,-1.889617,0.893173,-96.948227,99.343513,124.528236,1.020506,-1.804036,2.270353,-339.112518,131.591125,225.326111,3.226365,-0.392927,1.107855,98.254845,202.897919,73.055786
1439,0,-0.100496,-1.890332,0.893305,-97.018379,99.189186,124.470863,1.020805,-1.801582,2.272678,-339.112701,131.568756,225.299377,3.226425,-0.393641,1.108307,98.151138,202.824707,73.140556
1440,0,-0.099370,-1.890251,0.893420,-97.095413,99.027534,124.400414,1.019632,-1.807214,2.264456,-339.119049,131.537064,225.270645,3.226505,-0.393690,1.109412,98.037888,202.742630,73.217827
1441,0,-0.098608,-1.891574,0.892421,-97.177055,98.860512,124.337181,1.019294,-1.808001,2.262432,-339.127991,131.514023,225.241943,3.226831,-0.394013,1.111049,97.926697,202.660828,73.301613
1442,0,-0.098440,-1.892440,0.890723,-97.278290,98.701187,124.254288,1.018029,-1.815160,2.252033,-339.141693,131.481964,225.213959,3.226916,-0.394639,1.112447,97.813446,202.578552,73.386925
1443,0,-0.098333,-1.891956,0.889264,-97.362579,98.530083,124.166809,1.015603,-1.829333,2.232530,-339.156097,131.449371,225.189087,3.227311,-0.395120,1.113932,97.694489,202.499802,73.477386
1444,0,-0.098377,-1.892861,0.889075,-97.434013,98.372032,124.098679,1.013236,-1.841511,2.215492,-339.158844,131.428650,225.162933,3.227778,-0.395264,1.115163,97.576881,202.409073,73.565605
1445,0,-0.098483,-1.892712,0.890020,-97.506363,98.202011,124.040031,1.011514,-1.848575,2.205189,-339.152863,131.401733,225.140030,3.228497,-0.395711,1.116139,97.462898,202.324951,73.654312
1446,0,-0.097816,-1.893800,0.890365,-97.601730,98.026947,123.954597,1.009367,-1.858112,2.191369,-339.159454,131.368759,225.115219,3.229167,-0.396037,1.116317,97.345795,202.221756,73.746254
1447,0,-0.097375,-1.895777,0.889165,-97.709984,97.848129,123.863518,1.006933,-1.868751,2.176136,-339.154144,131.338943,225.100342,3.229521,-0.396954,1.117263,97.231758,202.134003,73.844749
1448,0,-0.097016,-1.896317,0.887316,-97.805878,97.676483,123.778427,1.008921,-1.857411,2.191110,-339.149017,131.314514,225.079849,3.230371,-0.397292,1.118237,97.120705,202.046005,73.934364
1449,0,-0.096377,-1.895645,0.885643,-97.890388,97.498787,123.700554,1.006809,-1.866238,2.178055,-339.144196,131.282303,225.058807,3.231044,-0.397277,1.118764,96.994766,201.955017,74.038689
1450,0,-0.095982,-1.895188,0.886658,-97.961502,97.325165,123.639374,1.006809,-1.865657,2.177885,-339.157410,131.255630,225.029678,3.231755,-0.397681,1.119478,96.865837,201.849594,74.135399
1451,0,-0.096005,-1.896148,0.886971,-98.075722,97.137260,123.544220,1.009373,-1.853232,2.193919,-339.170044,131.233734,225.002197,3.232306,-0.397856,1.120694,96.735474,201.759415,74.235786
1452,0,-0.096229,-1.898751,0.885969,-98.201897,96.939133,123.431999,1.005990,-1.869099,2.171052,-339.176117,131.203094,224.970276,3.232551,-0.398228,1.122114,96.603195,201.659637,74.334816
1453,0,-0.095953,-1.900298,0.885947,-98.303200,96.752808,123.347191,1.009306,-1.851606,2.194032,-339.181885,131.179031,224.940170,3.232697,-0.398785,1.123559,96.463554,201.558014,74.435928
1454,0,-0.095050,-1.899439,0.884851,-98.382256,96.572441,123.275322,1.007183,-1.861613,2.179123,-339.201508,131.142471,224.907257,3.233379,-0.398992,1.124391,96.314484,201.454941,74.544846
1455,0,-0.094283,-1.897894,0.883625,-98.483795,96.379196,123.189339,1.006298,-1.864784,2.173516,-339.212555,131.109772,224.874817,3.234089,-0.399670,1.125251,96.166756,201.344803,74.649681
1456,0,-0.093839,-1.899861,0.882610,-98.611847,96.173630,123.093948,1.000910,-1.889995,2.137068,-339.226135,131.083893,224.844757,3.235308,-0.400174,1.125862,96.019737,201.246429,74.757256
1457,0,-0.093661,-1.902027,0.882678,-98.736000,95.963028,122.988380,0.998153,-1.901777,2.118710,-339.234772,131.047760,224.810944,3.236335,-0.400491,1.126591,95.872231,201.135498,74.864548
1458,0,-0.093809,-1.903172,0.883191,-98.839905,95.764107,122.892952,0.995168,-1.912871,2.101697,-339.234680,131.017014,224.780334,3.237027,-0.400601,1.127717,95.728203,201.026947,74.972252
1459,0,-0.093442,-1.903284,0.883272,-98.934036,95.569000,122.817101,0.991727,-1.925391,2.082300,-339.233795,130.982239,224.758942,3.237931,-0.401221,1.129007,95.580261,200.920166,75.081367
1460,0,-0.092112,-1.902053,0.880773,-99.067398,95.349960,122.709023,0.992787,-1.919844,2.089350,-339.234802,130.954330,224.732620,3.239032,-0.401296,1.130502,95.439697,200.804871,75.190750
1461,0,-0.091002,-1.902674,0.879080,-99.203407,95.129486,122.604805,0.994661,-1.909809,2.102808,-339.229156,130.917358,224.700638,3.240094,-0.401836,1.131246,95.289650,200.692398,75.305061
1462,0,-0.090005,-1.904321,0.878789,-99.322327,94.918068,122.505699,0.997380,-1.898228,2.118581,-339.236115,130.899399,224.673218,3.240825,-0.402286,1.132860,95.138260,200.581604,75.411613
1463,0,-0.090208,-1.905608,0.879733,-99.438698,94.706215,122.417656,0.995713,-1.904452,2.108090,-339.239044,130.861267,224.638748,3.241909,-0.403057,1.133761,94.985802,200.462448,75.522949
1464,0,-0.089848,-1.906047,0.879347,-99.559593,94.491707,122.319427,0.997915,-1.894864,2.120330,-339.252167,130.824265,224.601822,3.242729,-0.403606,1.134052,94.816917,200.341309,75.646584
1465,0,-0.089061,-1.905746,0.877360,-99.696228,94.256783,122.211441,1.000927,-1.880799,2.138896,-339.249817,130.794144,224.569000,3.243500,-0.403747,1.134822,94.645271,200.221115,75.765526
1466,0,-0.088398,-1.906349,0.876294,-99.825790,94.028328,122.117393,1.003775,-1.865754,2.158646,-339.247467,130.754272,224.536346,3.244387,-0.403911,1.136159,94.477478,200.097015,75.874878
1467,0,-0.087596,-1.908066,0.874847,-99.957039,93.814896,122.017387,1.002093,-1.872721,2.147581,-339.252930,130.715836,224.505768,3.244350,-0.404667,1.138049,94.314270,199.978104,75.990875
1468,0,-0.087283,-1.908763,0.875801,-100.077843,93.585045,121.927002,1.003779,-1.863456,2.159060,-339.249176,130.675980,224.475082,3.245730,-0.405060,1.139432,94.141228,199.852707,76.106339
1469,0,-0.087036,-1.909974,0.875154,-100.206032,93.345390,121.825226,1.003463,-1.864014,2.156884,-339.251770,130.633881,224.442444,3.246984,-0.405513,1.139978,93.957336,199.731689,76.233978
1470,0,-0.086194,-1.909652,0.873654,-100.349693,93.103882,121.714401,1.004190,-1.859469,2.161832,-339.249573,130.592163,224.412643,3.248365,-0.405836,1.140131,93.786522,199.604355,76.359711
1471,0,-0.085850,-1.910479,0.871954,-100.489540,92.874115,121.615181,1.003175,-1.863468,2.155265,-339.246857,130.561539,224.388321,3.248909,-0.406878,1.142414,93.613670,199.481125,76.478294
1472,0,-0.085804,-1.912534,0.871325,-100.605835,92.645370,121.529701,0.999511,-1.878250,2.133580,-339.245270,130.519470,224.364883,3.249673,-0.407259,1.144318,93.441170,199.361069,76.600937
1473,0,-0.085607,-1.912684,0.872051,-100.721771,92.398567,121.434464,1.001709,-1.868217,2.146859,-339.248138,130.480682,224.349030,3.250305,-0.408109,1.146330,93.261009,199.247299,76.727470
1474,0,-0.085058,-1.914257,0.870996,-100.867638,92.147003,121.309303,1.003962,-1.856671,2.161789,-339.251068,130.439560,224.320404,3.250876,-0.408571,1.147593,93.060768,199.128601,76.858131
1475,0,-0.084396,-1.914042,0.869281,-101.023376,91.904877,121.186523,0.998787,-1.878171,2.130903,-339.246765,130.396301,224.298691,3.251772,-0.408901,1.149729,92.872238,199.006180,76.979340
1476,0,-0.083937,-1.915553,0.868093,-101.143646,91.662964,121.117531,0.995699,-1.889899,2.112784,-339.244965,130.346375,224.262680,3.252573,-0.409633,1.150864,92.677597,198.894608,77.101753
1477,0,-0.083337,-1.915542,0.868543,-101.261467,91.420723,121.033699,0.988176,-1.917977,2.070623,-339.245422,130.292618,224.231522,3.253446,-0.410619,1.150924,92.472839,198.767120,77.226845
1478,0,-0.083311,-1.919047,0.867623,-101.415459,91.164505,120.896919,0.983139,-1.934986,2.043736,-339.242554,130.239670,224.197876,3.253600,-0.410813,1.153172,92.281075,198.645355,77.344818
1479,0,-0.082776,-1.917974,0.867018,-101.566650,90.907890,120.774452,0.985800,-1.922608,2.061538,-339.234650,130.190002,224.173019,3.253821,-0.411206,1.155218,92.085411,198.537262,77.471298
1480,0,-0.081559,-1.917493,0.866363,-101.690407,90.660179,120.695602,0.987763,-1.912894,2.074794,-339.229584,130.136810,224.141388,3.254395,-0.412201,1.156413,91.878731,198.414398,77.598595
1481,0,-0.080726,-1.918873,0.864992,-101.842728,90.420105,120.619125,0.990743,-1.899512,2.093426,-339.231232,130.084930,224.115036,3.255311,-0.412484,1.157531,91.673874,198.296631,77.713669
1482,0,-0.080197,-1.922393,0.863848,-102.004883,90.157761,120.492935,0.987754,-1.910007,2.077469,-339.240387,130.030777,224.091995,3.255431,-0.413651,1.159288,91.452484,198.178741,77.844048
1483,0,-0.079711,-1.922364,0.864597,-102.148880,89.904266,120.384186,0.974451,-1.957967,2.004081,-339.233398,129.980133,224.065125,3.255128,-0.413814,1.161761,91.226547,198.057831,77.970398
1484,0,-0.078633,-1.920102,0.864359,-102.297798,89.648811,120.280708,0.971538,-1.966303,1.990379,-339.230713,129.925278,224.046066,3.255431,-0.414144,1.164381,91.005043,197.950684,78.094467
1485,0,-0.077986,-1.921835,0.862232,-102.467049,89.390282,120.177750,0.967236,-1.978995,1.969585,-339.230316,129.865097,224.024719,3.256454,-0.414680,1.165817,90.782196,197.829269,78.229446
1486,0,-0.076529,-1.924743,0.860925,-102.640625,89.138130,120.075699,0.963999,-1.987899,1.954612,-339.231262,129.798798,224.002335,3.256525,-0.415432,1.168122,90.577606,197.714279,78.352188
1487,0,-0.075473,-1.925418,0.861990,-102.800247,88.884750,119.980934,0.965249,-1.981575,1.963904,-339.228119,129.740967,223.970840,3.256561,-0.415912,1.169080,90.367195,197.601120,78.483284
1488,0,-0.074883,-1.923368,0.861267,-102.978500,88.622536,119.859451,0.966410,-1.975708,1.972157,-339.242737,129.679764,223.929138,3.256869,-0.416539,1.171137,90.123878,197.477585,78.616211
1489,0,-0.074537,-1.924859,0.859447,-103.149948,88.365646,119.744850,0.964059,-1.982660,1.959968,-339.251984,129.620499,223.889099,3.257071,-0.416952,1.173703,89.882149,197.364349,78.743637
1490,0,-0.074082,-1.926901,0.857948,-103.310387,88.107697,119.647820,0.959947,-1.993998,1.940110,-339.269012,129.550079,223.848419,3.256592,-0.417012,1.175824,89.649246,197.249756,78.865204
1491,0,-0.074028,-1.928080,0.857738,-103.457352,87.853409,119.545227,0.964085,-1.979520,1.962765,-339.287476,129.491806,223.812439,3.256441,-0.417739,1.177429,89.411606,197.133484,78.996590
1492,0,-0.073986,-1.927549,0.857452,-103.631470,87.588081,119.416153,0.978579,-1.927320,2.043393,-339.307648,129.433105,223.790161,3.256763,-0.418313,1.179062,89.177933,197.015366,79.123680
1493,0,-0.073000,-1.928608,0.856446,-103.805450,87.325577,119.290886,0.977331,-1.930949,2.037486,-339.318817,129.382248,223.766724,3.257513,-0.418448,1.181131,88.944954,196.908142,79.250870
1494,0,-0.073274,-1.930952,0.854230,-103.960106,87.076767,119.211044,0.981075,-1.914707,2.061337,-339.328674,129.321381,223.747116,3.256980,-0.418994,1.183558,88.710274,196.793228,79.379814
1495,0,-0.072847,-1.931926,0.853359,-104.133186,86.822258,119.112457,0.985404,-1.895495,2.088726,-339.333099,129.260025,223.720901,3.256427,-0.419935,1.185331,88.457169,196.682755,79.506676
1496,0,-0.072129,-1.931490,0.855076,-104.302177,86.558510,119.001106,0.982899,-1.902306,2.078143,-339.334534,129.188293,223.700394,3.257372,-0.420357,1.185862,88.204948,196.565414,79.639595
1497,0,-0.071487,-1.933480,0.852568,-104.498520,86.281807,118.837616,0.983143,-1.900134,2.080584,-339.349243,129.143173,223.670654,3.257940,-0.420158,1.187965,87.955788,196.460846,79.771225
1498,0,-0.070625,-1.933848,0.852097,-104.665733,86.029945,118.749947,0.991304,-1.865457,2.129280,-339.359985,129.074646,223.649551,3.257935,-0.420893,1.190008,87.713737,196.345291,79.893822
1499,0,-0.068711,-1.933775,0.853332,-104.853142,85.782433,118.679070,0.994189,-1.851471,2.147786,-339.369049,129.020050,223.625748,3.257871,-0.421383,1.191810,87.464958,196.226440,80.020088
1500,0,-0.067865,-1.936087,0.853095,-105.050491,85.525009,118.551437,0.993401,-1.852388,2.145611,-339.371735,128.954346,223.591003,3.258099,-0.422310,1.193145,87.207893,196.117645,80.149574
1501,0,-0.067085,-1.936283,0.850770,-105.260368,85.236931,118.389229,0.993588,-1.849743,2.148071,-339.376465,128.904190,223.559952,3.258305,-0.422822,1.195024,86.943695,196.009140,80.281494
1502,0,-0.066248,-1.935904,0.851422,-105.430855,84.980415,118.293839,0.989298,-1.865877,2.124658,-339.392944,128.835205,223.530594,3.258286,-0.422925,1.196303,86.693626,195.903290,80.415100
1503,0,-0.066247,-1.937671,0.850904,-105.602837,84.724838,118.195076,0.986544,-1.875402,2.110236,-339.401581,128.780716,223.494400,3.258442,-0.423423,1.197751,86.445869,195.787094,80.531166
1504,0,-0.067136,-1.940329,0.849117,-105.787613,84.451637,118.062630,0.953701,-1.990207,1.934632,-339.410858,128.716232,223.474747,3.258651,-0.423451,1.199863,86.189827,195.669540,80.652504
1505,0,-0.067278,-1.939215,0.849236,-106.004494,84.174187,117.919090,0.949166,-2.002773,1.913387,-339.416962,128.668610,223.459686,3.258036,-0.423842,1.201891,85.906158,195.557587,80.782906
1506,0,-0.067150,-1.939503,0.848422,-106.191483,83.908813,117.803131,0.945193,-2.012809,1.895678,-339.426788,128.609009,223.439651,3.257540,-0.423935,1.203736,85.627121,195.434128,80.911484
1507,0,-0.065843,-1.941937,0.847864,-106.359459,83.656685,117.710945,0.944141,-2.014461,1.892321,-339.438599,128.550491,223.424194,3.258186,-0.424430,1.204442,85.360611,195.317383,81.036346
1508,0,-0.065195,-1.944800,0.847527,-106.584480,83.369194,117.556274,0.948007,-2.000665,1.914656,-339.451355,128.494263,223.401886,3.258609,-0.424772,1.206514,85.107430,195.209274,81.153885
1509,0,-0.064410,-1.943490,0.848022,-106.800499,83.093010,117.420372,0.951988,-1.986591,1.936812,-339.465973,128.436768,223.377182,3.258187,-0.424729,1.208144,84.825302,195.090042,81.292419
1510,0,-0.063130,-1.942525,0.848221,-107.007614,82.825417,117.310684,0.963485,-1.947460,1.998235,-339.487762,128.384674,223.354996,3.257607,-0.425384,1.210084,84.530388,194.966187,81.421944
1511,0,-0.062137,-1.947047,0.846044,-107.237556,82.543037,117.170639,0.968452,-1.929046,2.025485,-339.512421,128.332947,223.328476,3.257507,-0.425570,1.211523,84.245728,194.848984,81.543190
1512,0,-0.061842,-1.947613,0.847194,-107.447762,82.261414,117.045807,0.966149,-1.935427,2.014740,-339.532257,128.275986,223.299957,3.257827,-0.425622,1.213349,83.963310,194.725510,81.658783
1513,0,-0.061947,-1.945578,0.847577,-107.676476,81.969238,116.896431,0.974840,-1.902263,2.063392,-339.554138,128.220230,223.274170,3.258024,-0.425557,1.215262,83.669304,194.595932,81.795418
1514,0,-0.061932,-1.949046,0.844729,-107.900581,81.686714,116.759720,0.966421,-1.929702,2.021163,-339.570953,128.159073,223.241470,3.258405,-0.425875,1.216523,83.372116,194.472992,81.921318
1515,0,-0.062393,-1.950797,0.845102,-108.100945,81.399635,116.641426,0.966346,-1.927885,2.022524,-339.588562,128.093597,223.210587,3.257927,-0.426529,1.217508,83.077843,194.355438,82.048698
1516,0,-0.062437,-1.949610,0.845944,-108.354645,81.100708,116.469482,0.967421,-1.921863,2.030325,-339.612457,128.040085,223.182114,3.258413,-0.426364,1.218736,82.762215,194.216949,82.173836
1517,0,-0.061114,-1.951836,0.842839,-108.574966,80.806946,116.307411,0.970732,-1.909343,2.047760,-339.655457,127.982574,223.154114,3.258840,-0.426261,1.219953,82.457092,194.090820,82.300636
1518,0,-0.059368,-1.953183,0.843147,-108.851044,80.514435,116.181885,0.975013,-1.892239,2.071707,-339.685303,127.932968,223.124924,3.259129,-0.426291,1.222091,82.152184,193.969864,82.422844
1519,0,-0.059116,-1.953069,0.845889,-109.072289,80.231888,116.054329,0.979116,-1.875294,2.095121,-339.722168,127.874237,223.101471,3.258987,-0.427189,1.222430,81.824677,193.838242,82.556885
1520,0,-0.057685,-1.954392,0.842503,-109.352905,79.909462,115.844025,0.981735,-1.863279,2.111145,-339.749512,127.825317,223.084167,3.259309,-0.427252,1.223573,81.497772,193.704926,82.679932
1521,0,-0.057249,-1.955313,0.842192,-109.565445,79.614265,115.711380,0.975602,-1.885820,2.078189,-339.777100,127.771988,223.061356,3.259676,-0.426625,1.224554,81.174973,193.577469,82.800148
1522,0,-0.058483,-1.956536,0.843500,-109.799484,79.307129,115.567131,0.954917,-1.956205,1.971071,-339.794220,127.718285,223.034271,3.259718,-0.426975,1.225548,80.846825,193.442078,82.931007
1523,0,-0.058237,-1.957059,0.840912,-110.084724,78.978951,115.354134,0.950873,-1.967655,1.951226,-339.817230,127.667381,222.999817,3.260281,-0.426982,1.225447,80.506462,193.305679,83.056488
1524,0,-0.057479,-1.958188,0.839948,-110.322975,78.690598,115.229942,0.949427,-1.969320,1.946955,-339.842224,127.606155,222.970612,3.260211,-0.427406,1.227908,80.169777,193.176758,83.173347
1525,0,-0.055859,-1.959746,0.841767,-110.602264,78.374756,115.068649,0.944796,-1.981783,1.925003,-339.868011,127.554016,222.929993,3.260260,-0.427264,1.228691,79.826530,193.036102,83.299690
1526,0,-0.054770,-1.960817,0.838910,-110.883240,78.041122,114.860817,0.951471,-1.959975,1.958389,-339.899017,127.503006,222.893387,3.260773,-0.427288,1.228751,79.469833,192.891510,83.419876
1527,0,-0.053342,-1.959284,0.840386,-111.128815,77.731712,114.712234,0.955779,-1.944683,1.980705,-339.930206,127.446083,222.858368,3.257282,-0.440848,1.238524,79.019859,192.924042,83.434410
1528,0,-0.054136,-1.963756,0.839612,-111.375954,77.409256,114.545761,0.978265,-1.864825,2.097684,-339.963867,127.405968,222.830658,3.256933,-0.441278,1.239105,78.665848,192.783112,83.558876
1529,0,-0.053400,-1.962305,0.838539,-111.670975,77.066162,114.327347,0.980942,-1.854128,2.111050,-340.002289,127.356483,222.803589,3.258196,-0.441062,1.239237,78.316025,192.634689,83.678497
1530,0,-0.053102,-1.963564,0.837467,-111.906441,76.753288,114.187187,0.986683,-1.831099,2.141247,-340.024231,127.309425,222.773178,3.258536,-0.440798,1.241049,77.955421,192.496216,83.798538
1531,0,-0.052915,-1.967466,0.836647,-112.216843,76.412437,113.979309,0.984297,-1.839828,2.127332,-340.047333,127.260033,222.748520,3.258422,-0.441020,1.241589,77.569160,192.341461,83.925049
1532,0,-0.052125,-1.964895,0.836541,-112.499748,76.075195,113.797455,0.982884,-1.843513,2.120084,-340.058136,127.200394,222.709976,3.259411,-0.441231,1.241410,77.200920,192.190979,84.046402
1533,0,-0.049639,-1.967180,0.835440,-112.792450,75.737244,113.608192,0.975614,-1.869192,2.081585,-340.061951,127.143753,222.663773,3.259961,-0.440773,1.243319,76.840034,192.043640,84.157761
1534,0,-0.049895,-1.970791,0.835228,-113.054878,75.389671,113.434952,0.977321,-1.862133,2.089159,-340.088959,127.089325,222.625366,3.260079,-0.441057,1.244593,76.444618,191.889023,84.287506
1535,0,-0.049125,-1.966931,0.835904,-113.346344,75.032608,113.231003,0.972544,-1.877688,2.064712,-340.103882,127.030495,222.597565,3.260211,-0.441534,1.245466,76.059853,191.735046,84.403160
1536,0,-0.049203,-1.972195,0.832100,-113.623085,74.676041,113.041687,0.976274,-1.862287,2.084783,-340.114197,126.975388,222.579117,3.262230,-0.440488,1.245736,75.683487,191.572922,84.510590
1537,0,-0.049119,-1.970307,0.833774,-113.922600,74.323265,112.843300,0.979264,-1.850249,2.099423,-340.137756,126.920952,222.549957,3.262656,-0.440627,1.246444,75.285980,191.413696,84.639626
1538,0,-0.046952,-1.973417,0.830393,-114.235519,73.947914,112.626472,0.976506,-1.859365,2.083712,-340.165222,126.858292,222.517075,3.262098,-0.441081,1.248146,74.889091,191.244324,84.748741
1539,0,-0.046100,-1.974904,0.831923,-114.559669,73.598633,112.463127,0.972017,-1.872241,2.062150,-340.160278,126.786797,222.487686,3.263520,-0.441033,1.249425,74.492424,191.084579,84.866470
1540,0,-0.045229,-1.974702,0.831497,-114.849930,73.221756,112.243729,0.957461,-1.918813,1.989703,-340.170685,126.727325,222.448685,3.264217,-0.440470,1.250165,74.083885,190.909073,84.981537
1541,0,-0.044281,-1.976998,0.828412,-115.146347,72.840248,112.042709,0.956117,-1.920698,1.983672,-340.169250,126.667274,222.426193,3.264000,-0.440655,1.252360,73.679482,190.743652,85.096306
1542,0,-0.045146,-1.977445,0.830348,-115.444588,72.473106,111.849808,0.964563,-1.891917,2.024477,-340.174042,126.614601,222.421585,3.265240,-0.440804,1.252736,73.253273,190.565994,85.214439
1543,0,-0.044179,-1.978763,0.826076,-115.792175,72.081726,111.615517,0.963761,-1.891811,2.021371,-340.183899,126.547501,222.406143,3.265888,-0.440662,1.253928,72.840004,190.381012,85.319733
1544,0,-0.042764,-1.980467,0.828012,-116.118889,71.715996,111.458870,0.959728,-1.903971,1.999913,-340.200562,126.498817,222.376709,3.266337,-0.440463,1.255819,72.421036,190.206848,85.438774
1545,0,-0.041131,-1.981997,0.825116,-116.458252,71.306313,111.203407,0.956049,-1.913108,1.982190,-340.214630,126.423851,222.337906,3.267201,-0.440560,1.256609,71.982132,190.018982,85.549171
1546,0,-0.040395,-1.980989,0.825569,-116.773766,70.926338,111.023621,0.956780,-1.908107,1.986144,-340.220245,126.350212,222.301300,3.267648,-0.439951,1.257923,71.555138,189.832611,85.660439
1547,0,-0.040515,-1.985893,0.823292,-117.098579,70.527405,110.777946,0.962137,-1.889030,2.011674,-340.224701,126.281830,222.282593,3.269145,-0.440402,1.257868,71.122650,189.645767,85.772835
1548,0,-0.039486,-1.983513,0.823032,-117.422844,70.132599,110.581413,0.966346,-1.872003,2.034017,-340.212494,126.221794,222.265259,3.269662,-0.440204,1.260818,70.667397,189.449661,85.881332
1549,0,-0.038614,-1.988869,0.820350,-117.804047,69.739128,110.352341,0.981030,-1.819376,2.105622,-340.227661,126.162025,222.247559,3.270679,-0.439773,1.261194,70.220261,189.255630,85.989815
1550,0,-0.037950,-1.986043,0.820907,-118.156784,69.331123,110.141914,0.977273,-1.831943,2.085418,-340.251007,126.094925,222.227188,3.272212,-0.440215,1.261533,69.776627,189.051743,86.101700
1551,0,-0.035461,-1.991247,0.818148,-118.500648,68.926247,109.898727,0.972343,-1.847031,2.060792,-340.275055,126.017975,222.195618,3.272335,-0.439924,1.264133,69.307693,188.848083,86.207329
1552,0,-0.036281,-1.989117,0.819300,-118.822723,68.516594,109.678375,0.926625,-1.978114,1.855847,-340.274963,125.952202,222.162064,3.274447,-0.439403,1.263708,68.855446,188.641541,86.319893
1553,0,-0.035105,-1.992729,0.815375,-119.166412,68.100388,109.455841,0.921752,-1.987541,1.836818,-340.271576,125.873566,222.139282,3.275006,-0.439785,1.265290,68.392159,188.433609,86.415367
1554,0,-0.033650,-1.991349,0.816333,-119.546204,67.698669,109.213577,0.915169,-2.001616,1.809902,-340.268280,125.810219,222.110107,3.275939,-0.438991,1.266733,67.907845,188.218002,86.517685
1555,0,-0.032153,-1.995100,0.812730,-119.929527,67.268845,108.953911,0.918322,-1.991204,1.825803,-340.254913,125.740211,222.093979,3.277672,-0.438907,1.267523,67.447906,188.000885,86.623993
1556,0,-0.032508,-1.995902,0.814220,-120.265129,66.876144,108.762466,0.913607,-2.001315,1.805874,-340.264038,125.685600,222.067749,3.278889,-0.438585,1.268448,66.963005,187.779587,86.708443
1557,0,-0.030912,-1.997477,0.810051,-120.634109,66.426575,108.462067,0.914685,-1.997135,1.809796,-340.294128,125.618172,222.018982,3.280994,-0.438572,1.269003,66.470123,187.555527,86.816803
1558,0,-0.030401,-1.997105,0.811856,-120.965332,66.034355,108.269043,0.922370,-1.976807,1.841421,-340.321594,125.551697,221.967392,3.281330,-0.438375,1.271046,65.985573,187.334427,86.893082
1559,0,-0.029224,-1.999241,0.806374,-121.391022,65.596962,107.969795,0.928495,-1.959325,1.867735,-340.342255,125.484940,221.924820,3.282925,-0.438405,1.271868,65.485367,187.103531,86.975807
1560,0,-0.027662,-2.000237,0.808835,-121.758095,65.190628,107.764404,0.938780,-1.930408,1.912326,-340.350494,125.414032,221.897324,3.284334,-0.437975,1.273468,64.986183,186.876556,87.056854
1561,0,-0.027291,-2.001734,0.805599,-122.120857,64.755898,107.461304,0.943802,-1.914522,1.934982,-340.351959,125.354065,221.862869,3.285359,-0.438125,1.275132,64.476883,186.649704,87.136658
1562,0,-0.026939,-2.003332,0.805032,-122.452888,64.337173,107.256744,0.949039,-1.898202,1.958653,-340.357361,125.292435,221.838974,3.286639,-0.437209,1.276696,63.953682,186.410782,87.209106
1563,0,-0.025121,-2.002883,0.802872,-122.877609,63.908821,106.934998,0.954208,-1.881817,1.981845,-340.363007,125.242592,221.831558,3.287011,-0.437400,1.278822,63.442223,186.174805,87.276230
1564,0,-0.023102,-2.006082,0.801946,-123.252602,63.486256,106.704285,0.959772,-1.864650,2.004822,-340.375580,125.181793,221.792023,3.288836,-0.437082,1.280685,62.917343,185.938187,87.350227
1565,0,-0.023532,-2.004351,0.800976,-123.639465,63.062183,106.418892,0.959317,-1.864725,2.001892,-340.393158,125.126007,221.742279,3.289883,-0.436004,1.282901,62.384930,185.703415,87.417931
1566,0,-0.022655,-2.009845,0.798449,-123.994339,62.638515,106.160507,0.951312,-1.886216,1.967079,-340.408264,125.050323,221.701843,3.291113,-0.437408,1.284470,61.864105,185.472702,87.490997
1567,0,-0.021096,-2.006069,0.798795,-124.392990,62.206032,105.869270,0.949199,-1.890633,1.958462,-340.411987,124.992180,221.673355,3.292012,-0.435814,1.286495,61.307663,185.228851,87.555984
1568,0,-0.019720,-2.010423,0.795951,-124.776604,61.789837,105.603722,0.954730,-1.872731,1.982980,-340.417847,124.922462,221.644775,3.292943,-0.436092,1.287345,60.775021,184.981445,87.627960
1569,0,-0.018731,-2.007402,0.796974,-125.161766,61.360744,105.324097,0.955383,-1.869760,1.985483,-340.415833,124.867767,221.610596,3.293925,-0.435891,1.290488,60.222935,184.751129,87.676239
1570,0,-0.017969,-2.013093,0.793636,-125.549690,60.943539,105.041588,0.955643,-1.867387,1.987298,-340.413757,124.816406,221.589081,3.294868,-0.435487,1.291479,59.674522,184.507187,87.734627
1571,0,-0.016966,-2.009956,0.793477,-125.936699,60.512352,104.746735,0.962104,-1.846212,2.016478,-340.410065,124.756668,221.559036,3.294418,-0.435545,1.294926,59.105312,184.261871,87.781166
1572,0,-0.015309,-2.013160,0.791079,-126.321808,60.093781,104.466843,0.952459,-1.872315,1.975339,-340.409882,124.680496,221.514465,3.296104,-0.434317,1.296647,58.540081,184.013947,87.813164
1573,0,-0.013868,-2.013031,0.789824,-126.746475,59.654415,104.137764,0.947239,-1.884596,1.953530,-340.417206,124.606468,221.452225,3.295736,-0.434984,1.299125,57.975033,183.765686,87.862900
1574,0,-0.014212,-2.014169,0.789762,-127.133354,59.251438,103.892853,0.943859,-1.891891,1.939831,-340.425568,124.535515,221.415314,3.296500,-0.434006,1.301999,57.372185,183.523895,87.906883
1575,0,-0.012095,-2.015639,0.786445,-127.537575,58.803696,103.540833,0.936681,-1.909749,1.909498,-340.439362,124.465454,221.365280,3.297083,-0.434314,1.302918,56.818737,183.275970,87.957344
1576,0,-0.011123,-2.014319,0.787149,-127.922699,58.390026,103.285301,0.931415,-1.921498,1.888422,-340.453735,124.395805,221.331924,3.297242,-0.433763,1.306306,56.210655,183.022263,88.000389
1577,0,-0.010704,-2.016928,0.784702,-128.370056,57.958973,102.955551,0.944043,-1.886106,1.941683,-340.457275,124.318977,221.301346,3.297575,-0.433562,1.310647,55.647587,182.784103,88.035904
1578,0,-0.009499,-2.016613,0.784131,-128.765991,57.524967,102.659790,0.951239,-1.863451,1.972890,-340.464081,124.240021,221.256683,3.297243,-0.433323,1.314081,55.022247,182.533615,88.063995
1579,0,-0.008869,-2.017625,0.783383,-129.173416,57.103893,102.343842,0.962426,-1.827975,2.021196,-340.466888,124.154968,221.194336,3.297200,-0.432834,1.317106,54.427227,182.275970,88.073456
1580,0,-0.006576,-2.017621,0.780939,-129.623383,56.666313,102.015015,0.954375,-1.849559,1.987072,-340.478729,124.077484,221.154617,3.298076,-0.431790,1.319602,53.804699,182.019073,88.111023
1581,0,-0.006640,-2.018745,0.782544,-130.029190,56.268147,101.748749,0.943229,-1.878709,1.940887,-340.502991,124.001022,221.125320,3.298164,-0.432673,1.319561,53.185314,181.758499,88.134705
1582,0,-0.005694,-2.020575,0.778410,-130.470230,55.816551,101.383057,0.939912,-1.886695,1.926120,-340.539673,123.933205,221.094666,3.297792,-0.432139,1.324198,52.555820,181.509827,88.143089
1583,0,-0.005215,-2.021367,0.779400,-130.876221,55.415955,101.090446,0.945507,-1.869589,1.949866,-340.543304,123.855057,221.062271,3.297552,-0.431292,1.327148,51.939327,181.245529,88.157272
1584,0,-0.002544,-2.020569,0.778299,-131.364380,54.983337,100.745537,0.952488,-1.847000,1.980130,-340.540375,123.752647,220.999603,3.297158,-0.430859,1.331450,51.301006,180.985413,88.159653
1585,0,-0.002522,-2.022514,0.775307,-131.804504,54.559322,100.394173,0.992475,-1.721949,2.147468,-340.555267,123.664284,220.931122,3.296556,-0.430418,1.335274,50.669884,180.734924,88.176086
1586,0,-0.002521,-2.020357,0.776824,-132.213272,54.155579,100.104774,0.996338,-1.706706,2.164387,-340.564362,123.579948,220.891968,3.296901,-0.430087,1.337850,50.025364,180.475113,88.202576
1587,0,0.000090,-2.022307,0.773116,-132.685898,53.720238,99.739182,0.993734,-1.715110,2.151474,-340.591736,123.499207,220.850494,3.298165,-0.430057,1.337765,49.395897,180.206024,88.198662
1588,0,0.000340,-2.025033,0.774369,-133.124466,53.325119,99.423279,0.970119,-1.789163,2.051256,-340.621094,123.417381,220.810959,3.297310,-0.429205,1.342502,48.730808,179.949097,88.199753
1589,0,0.000113,-2.022430,0.773197,-133.572159,52.894611,99.099350,0.976563,-1.766377,2.079598,-340.604919,123.321365,220.756271,3.296185,-0.428895,1.345635,48.093575,179.690109,88.184166
1590,0,0.002323,-2.026402,0.771053,-134.042450,52.476578,98.741394,0.985839,-1.733967,2.119188,-340.604462,123.214531,220.689774,3.297024,-0.427820,1.348319,47.435154,179.409027,88.183418
1591,0,0.003628,-2.024608,0.772417,-134.528076,52.059570,98.410690,0.995494,-1.699483,2.160393,-340.606689,123.104073,220.642120,3.296392,-0.427971,1.351378,46.804932,179.152283,88.192879
1592,0,0.002608,-2.025149,0.770173,-134.981995,51.644897,98.062500,0.990815,-1.715168,2.138787,-340.627716,123.031357,220.616226,3.296838,-0.427835,1.354695,46.133598,178.892700,88.187462
1593,0,0.005126,-2.028081,0.768275,-135.447174,51.233513,97.704971,0.987145,-1.725869,2.123006,-340.643799,122.946922,220.579941,3.295815,-0.427982,1.357109,45.479977,178.614044,88.167664
1594,0,0.007140,-2.024468,0.768901,-135.939499,50.815006,97.366783,0.980695,-1.744874,2.095973,-340.653748,122.847641,220.532288,3.296195,-0.426697,1.361860,44.814716,178.343277,88.148582
1595,0,0.005606,-2.029232,0.766983,-136.418655,50.416885,97.006294,0.976611,-1.754441,2.080438,-340.641663,122.743233,220.464233,3.295878,-0.426475,1.361877,44.166222,178.069077,88.133064
1596,0,0.007315,-2.028123,0.765469,-136.882172,49.989197,96.645836,0.969560,-1.772126,2.053649,-340.637695,122.635681,220.400543,3.295789,-0.426113,1.365065,43.489216,177.793991,88.116936
1597,0,0.008880,-2.027004,0.766327,-137.376907,49.592766,96.295029,0.975111,-1.753572,2.076707,-340.639435,122.547203,220.349411,3.295363,-0.425961,1.368623,42.839367,177.521484,88.097191
1598,0,0.007691,-2.031429,0.764077,-137.867416,49.178017,95.938942,0.982654,-1.730078,2.105574,-340.673523,122.460442,220.315552,3.295313,-0.425479,1.372689,42.170723,177.235291,88.062607
1599,0,0.009200,-2.029016,0.763739,-138.349503,48.771294,95.576630,0.981991,-1.732039,2.100438,-340.699371,122.364876,220.260559,3.294902,-0.425606,1.374018,41.503971,176.956604,88.031342
1600,0,0.010180,-2.029963,0.764274,-138.843201,48.379818,95.202858,0.990331,-1.704743,2.132930,-340.707031,122.270920,220.201248,3.295125,-0.424729,1.375485,40.810982,176.677841,88.004601
1601,0,0.010001,-2.031901,0.760761,-139.348068,47.958832,94.818932,0.993761,-1.690975,2.147065,-340.704041,122.166847,220.119293,3.294331,-0.425188,1.378817,40.159317,176.391891,87.964432
1602,0,0.011499,-2.029749,0.762834,-139.837448,47.570278,94.475098,0.995553,-1.682950,2.154546,-340.702179,122.066689,220.065704,3.294787,-0.424502,1.382068,39.495342,176.110199,87.917938
1603,0,0.011955,-2.032876,0.762640,-140.345490,47.166859,94.104599,1.003039,-1.657273,2.184608,-340.694580,121.984253,220.039429,3.294486,-0.424454,1.384310,38.817924,175.828979,87.893288
1604,0,0.011968,-2.033248,0.759175,-140.848679,46.749657,93.703506,0.998147,-1.672695,2.163518,-340.693298,121.883232,219.997070,3.295357,-0.424469,1.384909,38.128262,175.538391,87.843292
1605,0,0.013903,-2.031626,0.762049,-141.358566,46.372906,93.358704,0.991438,-1.693518,2.134963,-340.704651,121.792244,219.940384,3.294785,-0.424419,1.387391,37.458416,175.241211,87.788895
1606,0,0.013528,-2.034218,0.760160,-141.880997,45.956841,92.983620,0.933956,-1.850043,1.916256,-340.695068,121.693359,219.870972,3.294259,-0.423474,1.391199,36.792400,174.958298,87.729614
1607,0,0.014117,-2.035275,0.757920,-142.394791,45.560585,92.581238,0.926588,-1.865573,1.889394,-340.693451,121.595360,219.802490,3.295116,-0.423396,1.392769,36.100925,174.670700,87.694733
1608,0,0.015663,-2.033447,0.761551,-142.908096,45.166687,92.224930,0.934834,-1.843473,1.920742,-340.691254,121.511429,219.758026,3.295810,-0.424173,1.393273,35.418224,174.379089,87.621376
1609,0,0.014264,-2.034964,0.757604,-143.437424,44.765923,91.838646,0.969204,-1.751866,2.048658,-340.705048,121.424820,219.713242,3.295102,-0.423216,1.396241,34.718262,174.079590,87.556198
1610,0,0.016966,-2.035480,0.757169,-143.967010,44.364590,91.438446,0.975889,-1.731248,2.073137,-340.726654,121.324989,219.646545,3.294864,-0.422759,1.399316,34.042095,173.776093,87.483910
1611,0,0.017188,-2.035576,0.759467,-144.483978,43.964485,91.098801,0.977908,-1.724898,2.078316,-340.753021,121.239616,219.576370,3.296191,-0.423286,1.399886,33.336834,173.482040,87.435715
1612,0,0.015722,-2.035932,0.755965,-145.020462,43.554951,90.685173,0.979538,-1.718710,2.082827,-340.782196,121.141495,219.500198,3.296279,-0.423770,1.401745,32.658112,173.180313,87.356529
1613,0,0.018506,-2.036615,0.756554,-145.564758,43.151363,90.296997,0.993560,-1.674758,2.136773,-340.783142,121.055054,219.454300,3.296306,-0.422234,1.403857,31.944834,172.870407,87.264542
1614,0,0.017353,-2.036891,0.757341,-146.083893,42.757103,89.956528,1.006354,-1.631513,2.187491,-340.781921,120.955864,219.422226,3.295837,-0.423644,1.406065,31.242308,172.569427,87.198936
1615,0,0.018752,-2.037389,0.754894,-146.639206,42.343407,89.543106,0.997495,-1.657642,2.153375,-340.787445,120.863281,219.367340,3.298048,-0.423485,1.406922,30.546434,172.261566,87.112228
1616,0,0.019323,-2.037045,0.755421,-147.187317,41.933479,89.146385,0.994012,-1.667426,2.138264,-340.807251,120.765556,219.299515,3.297139,-0.423446,1.409623,29.847187,171.948669,87.016930
1617,0,0.018326,-2.036220,0.755409,-147.711884,41.549278,88.801544,0.987007,-1.687335,2.109821,-340.829987,120.644966,219.223907,3.297853,-0.422882,1.411060,29.138905,171.638931,86.926590
1618,0,0.021755,-2.037431,0.753416,-148.291870,41.126785,88.377251,0.958143,-1.765286,2.004486,-340.836487,120.560867,219.171051,3.298593,-0.423983,1.411731,28.413584,171.331024,86.841209
1619,0,0.020383,-2.038738,0.753668,-148.823273,40.718487,87.987427,0.970825,-1.728856,2.051872,-340.834045,120.471100,219.124603,3.298456,-0.424084,1.414977,27.713835,171.009460,86.729195
1620,0,0.020946,-2.036031,0.754676,-149.369354,40.323578,87.628830,0.978444,-1.705180,2.080173,-340.848541,120.360878,219.057770,3.299014,-0.423949,1.416357,26.993368,170.688187,86.619904
1621,0,0.021803,-2.037906,0.753105,-149.938156,39.907207,87.205589,0.991463,-1.666854,2.125619,-340.890808,120.270317,218.978363,3.299727,-0.424462,1.417983,26.277613,170.374405,86.509933
1622,0,0.021705,-2.041358,0.751495,-150.504944,39.504215,86.821159,0.979887,-1.699378,2.080823,-340.935120,120.156197,218.894302,3.300241,-0.423559,1.419679,25.539150,170.044388,86.391983
1623,0,0.023737,-2.038102,0.752757,-151.065338,39.103920,86.452805,0.986399,-1.679051,2.104615,-340.955231,120.057137,218.841278,3.299840,-0.424577,1.422129,24.816013,169.723587,86.273865
1624,0,0.020967,-2.039173,0.751161,-151.637924,38.679054,86.033546,1.013264,-1.594229,2.204912,-340.957916,119.959122,218.782394,3.301518,-0.423995,1.421717,24.097078,169.396271,86.156715
1625,0,0.023416,-2.041823,0.751210,-152.183853,38.266132,85.651939,1.018819,-1.574369,2.225225,-340.969269,119.862823,218.714767,3.301894,-0.424337,1.423966,23.358112,169.064255,86.015442
1626,0,0.023851,-2.039927,0.751104,-152.746368,37.853474,85.275009,1.013423,-1.592275,2.201709,-341.005310,119.750221,218.633698,3.302817,-0.424312,1.426449,22.647617,168.734055,85.875557
1627,0,0.023957,-2.039486,0.751009,-153.329529,37.437626,84.877411,0.972472,-1.710648,2.052386,-341.031067,119.652542,218.548813,3.303412,-0.424876,1.425924,21.898924,168.402451,85.743683
1628,0,0.025380,-2.041603,0.749854,-153.913361,37.012234,84.457420,0.978951,-1.690521,2.076624,-341.026947,119.550323,218.497864,3.303634,-0.425416,1.429461,21.173552,168.069687,85.587524
1629,0,0.024537,-2.040198,0.749514,-154.466873,36.598400,84.082909,0.983583,-1.675058,2.093732,-341.031067,119.447670,218.429077,3.305354,-0.425407,1.428810,20.422546,167.736832,85.451210
1630,0,0.026329,-2.039200,0.750531,-155.058899,36.183880,83.683266,1.020720,-1.562298,2.225628,-341.060242,119.357994,218.352707,3.305606,-0.426078,1.429872,19.702181,167.395844,85.275696
1631,0,0.024967,-2.041907,0.747427,-155.637634,35.759502,83.275276,1.013174,-1.586645,2.194597,-341.100739,119.256241,218.259369,3.306263,-0.426321,1.432652,18.955381,167.060394,85.113091
1632,0,0.027885,-2.040386,0.747250,-156.217438,35.342880,82.884628,1.009288,-1.597888,2.178787,-341.118195,119.165848,218.180115,3.307098,-0.426421,1.432134,18.226038,166.722412,84.949539
1633,0,0.027352,-2.039426,0.748397,-156.770172,34.923119,82.481575,1.029112,-1.532107,2.250975,-341.114319,119.057732,218.111023,3.308738,-0.425894,1.434803,17.476681,166.369370,84.754860
1634,0,0.027379,-2.043218,0.746114,-157.356949,34.504517,82.091774,1.033601,-1.514790,2.267783,-341.100342,118.958122,218.038620,3.310024,-0.426361,1.435269,16.748718,166.042618,84.593056
1635,0,0.029264,-2.042200,0.746184,-157.929626,34.079823,81.695770,1.038465,-1.498919,2.282023,-341.124237,118.879738,217.946289,3.310998,-0.426782,1.435267,16.013781,165.688141,84.391953
1636,0,0.027752,-2.039639,0.747617,-158.498474,33.662399,81.294563,1.014351,-1.577857,2.191371,-341.146881,118.777687,217.854721,3.311933,-0.426213,1.436525,15.264181,165.339066,84.206406
1637,0,0.030316,-2.041626,0.746508,-159.076370,33.231815,80.881134,1.023399,-1.547816,2.223258,-341.135986,118.677238,217.787048,3.312901,-0.427326,1.437330,14.546008,164.997131,84.011459
1638,0,0.029652,-2.043514,0.744538,-159.647690,32.803520,80.478905,1.028544,-1.529038,2.241868,-341.116669,118.591263,217.705231,3.313203,-0.427184,1.439304,13.787076,164.629974,83.799461
1639,0,0.031393,-2.040143,0.746911,-160.247406,32.374577,80.081863,1.044081,-1.475261,2.297715,-341.109131,118.488991,217.636139,3.315058,-0.427272,1.439556,13.048917,164.292145,83.617126
1640,0,0.032596,-2.040452,0.744222,-160.812256,31.939943,79.664070,1.031180,-1.518629,2.248466,-341.133270,118.392937,217.540527,3.315636,-0.427060,1.440275,12.300276,163.930695,83.384811
1641,0,0.033165,-2.042911,0.741997,-161.404800,31.512651,79.257980,1.028079,-1.528921,2.234130,-341.156586,118.284859,217.440613,3.317042,-0.426877,1.441219,11.562323,163.578369,83.183205
1642,0,0.033997,-2.040504,0.743442,-161.979477,31.072958,78.835495,1.008936,-1.585654,2.167635,-341.159241,118.176933,217.371780,3.319108,-0.427270,1.441656,10.824257,163.217407,82.956673
1643,0,0.032987,-2.038694,0.743096,-162.547852,30.645710,78.462364,1.015917,-1.562508,2.192238,-341.148804,118.067596,217.292496,3.319559,-0.426940,1.442166,10.066375,162.846466,82.724739
1644,0,0.036170,-2.041523,0.741584,-163.128448,30.206591,78.047661,1.020953,-1.545880,2.209527,-341.164551,117.971550,217.227234,3.321279,-0.427856,1.443091,9.337771,162.494370,82.497620
1645,0,0.035712,-2.041400,0.740679,-163.716919,29.767603,77.630440,1.028864,-1.520346,2.234873,-341.189697,117.873672,217.131271,3.321791,-0.426597,1.444258,8.572678,162.119797,82.259613
1646,0,0.037116,-2.038789,0.741723,-164.318665,29.329992,77.239670,1.024642,-1.534021,2.217000,-341.212738,117.773117,217.039841,3.324783,-0.427106,1.443130,7.812848,161.765518,82.039032
1647,0,0.037425,-2.038739,0.739536,-164.896255,28.876442,76.814186,1.019339,-1.548189,2.198844,-341.208954,117.667694,216.967590,3.324230,-0.426127,1.445043,7.050784,161.390640,81.781784
1648,0,0.038690,-2.040822,0.737871,-165.532776,28.440039,76.383430,1.006296,-1.584594,2.154998,-341.205933,117.568375,216.900940,3.326788,-0.426467,1.445231,6.282913,161.025406,81.555611
1649,0,0.041225,-2.038710,0.736946,-166.112045,28.000286,75.982025,1.003764,-1.589980,2.146724,-341.200287,117.463875,216.843353,3.326118,-0.426102,1.447282,5.542635,160.664917,81.285072
1650,0,0.040389,-2.036660,0.737682,-166.693314,27.563721,75.603806,0.997217,-1.607020,2.123423,-341.215759,117.335907,216.759827,3.328361,-0.426330,1.446207,4.759377,160.299911,81.044006
1651,0,0.042247,-2.038924,0.737029,-167.280548,27.102009,75.174179,0.948962,-1.728252,1.964675,-341.245087,117.240005,216.678284,3.328570,-0.424831,1.448583,4.010888,159.928619,80.780617
1652,0,0.042403,-2.039217,0.733268,-167.887222,26.662348,74.765747,0.968766,-1.679042,2.028201,-341.255432,117.135551,216.609482,3.329398,-0.425817,1.448021,3.237363,159.569687,80.520195
1653,0,0.045416,-2.036048,0.734025,-168.504807,26.227959,74.368149,0.976280,-1.659172,2.052098,-341.264832,117.033890,216.562180,3.330546,-0.424171,1.448805,2.470003,159.196701,80.248245
1654,0,0.044552,-2.035840,0.732323,-169.108307,25.773220,73.941925,1.029805,-1.506842,2.229089,-341.280151,116.933304,216.488220,3.331346,-0.424710,1.449182,1.711607,158.844315,79.976807
1655,0,0.046870,-2.037830,0.730992,-169.714691,25.327581,73.530724,1.025553,-1.519265,2.212340,-341.302399,116.812378,216.404984,3.331960,-0.424121,1.451015,0.933506,158.473511,79.688240
1656,0,0.047582,-2.036526,0.729014,-170.311295,24.881136,73.111076,1.021456,-1.530831,2.196619,-341.323700,116.709396,216.328552,3.333302,-0.424186,1.449138,0.173077,158.115112,79.420158
1657,0,0.048441,-2.033935,0.730446,-170.925552,24.447340,72.722626,0.991582,-1.612569,2.098739,-341.331512,116.604340,216.271225,3.333559,-0.423946,1.451896,-0.607720,157.746292,79.113167
1658,0,0.050343,-2.033755,0.727973,-171.520813,23.993139,72.296722,0.990038,-1.614631,2.094134,-341.323486,116.504555,216.223328,3.334873,-0.423206,1.450760,-1.383487,157.387436,78.843704
1659,0,0.050736,-2.036129,0.724159,-172.158875,23.550749,71.871933,0.991644,-1.607150,2.100876,-341.308777,116.394547,216.172592,3.334066,-0.423357,1.453878,-2.143474,157.028961,78.529228
1660,0,0.052451,-2.033499,0.724419,-172.747665,23.103388,71.443878,0.985655,-1.621335,2.080509,-341.328461,116.285660,216.095291,3.335614,-0.422412,1.452195,-2.919050,156.659271,78.247993
1661,0,0.052640,-2.031246,0.723603,-173.357208,22.672222,71.039085,0.979609,-1.635874,2.058946,-341.370605,116.172943,216.008041,3.335344,-0.421845,1.454436,-3.685115,156.294952,77.932259
1662,0,0.055537,-2.032043,0.721236,-173.952347,22.234581,70.624901,0.989697,-1.608868,2.089661,-341.383911,116.070541,215.951065,3.336437,-0.421874,1.454540,-4.448687,155.929840,77.624207
1663,0,0.054878,-2.033762,0.719164,-174.583527,21.793911,70.189461,1.036446,-1.476271,2.238831,-341.395203,115.977623,215.888260,3.336732,-0.421122,1.455132,-5.221736,155.570404,77.309280
1664,0,0.057498,-2.031663,0.718714,-175.207352,21.350529,69.749367,1.044132,-1.449506,2.264772,-341.381592,115.861908,215.824127,3.335789,-0.421907,1.457524,-5.990610,155.212830,76.971558
1665,0,0.056685,-2.029375,0.716266,-175.814117,20.915222,69.329582,1.054436,-1.416015,2.296503,-341.404633,115.760567,215.747116,3.337664,-0.420308,1.455003,-6.770876,154.829529,76.660927
1666,0,0.059728,-2.029945,0.716060,-176.434219,20.485653,68.908791,1.037712,-1.468824,2.238285,-341.435760,115.650940,215.670273,3.336584,-0.420067,1.459612,-7.530007,154.477844,76.309143
1667,0,0.058699,-2.031241,0.713634,-177.039505,20.056490,68.478256,1.041575,-1.456867,2.248991,-341.452728,115.553894,215.611649,3.337202,-0.419863,1.457522,-8.294357,154.111435,75.977249
1668,0,0.061929,-2.027556,0.712178,-177.700333,19.629147,68.050659,1.044306,-1.446479,2.258013,-341.454315,115.457947,215.566376,3.337308,-0.419211,1.460343,-9.059901,153.751953,75.626366
1669,0,0.060852,-2.026759,0.710864,-178.312820,19.199448,67.599739,1.058418,-1.399402,2.303935,-341.451569,115.339905,215.510040,3.336647,-0.419986,1.460683,-9.832415,153.389725,75.258636
1670,0,0.062952,-2.028132,0.710680,-178.953903,18.773855,67.176216,1.046554,-1.435849,2.263848,-341.471893,115.228722,215.429703,3.338276,-0.418212,1.459375,-10.604661,153.015533,74.915573
1671,0,0.063177,-2.028475,0.707555,-179.555481,18.353756,66.759544,1.045887,-1.438689,2.257867,-341.506317,115.117226,215.351410,3.337044,-0.418353,1.463240,-11.377707,152.657013,74.539360
1672,0,0.065657,-2.025206,0.707013,-180.221481,17.930223,66.330872,1.053403,-1.414470,2.280798,-341.527557,115.014832,215.290924,3.337602,-0.418342,1.461001,-12.148531,152.284317,74.179192
1673,0,0.064768,-2.023566,0.706559,-180.839523,17.511305,65.884415,1.061215,-1.387894,2.305525,-341.539581,114.905678,215.238983,3.337726,-0.418114,1.463218,-12.914275,151.923019,73.806793
1674,0,0.066923,-2.025348,0.703536,-181.497498,17.094963,65.459389,1.066325,-1.368862,2.322283,-341.539856,114.794441,215.186584,3.336532,-0.418974,1.464592,-13.696256,151.551361,73.410446
1675,0,0.066575,-2.025229,0.703279,-182.104156,16.685587,65.027252,1.093949,-1.274203,2.408168,-341.581635,114.694351,215.110901,3.337971,-0.417475,1.463471,-14.463701,151.178879,73.048096
1676,0,0.068396,-2.020965,0.704290,-182.771744,16.274406,64.607330,1.090378,-1.287838,2.393025,-341.626251,114.580032,215.048889,3.336782,-0.417631,1.466516,-15.239401,150.818817,72.645142
1677,0,0.068252,-2.020258,0.700865,-183.403183,15.865393,64.175262,1.084202,-1.309250,2.371097,-341.652649,114.475143,215.006287,3.337493,-0.417993,1.464653,-16.007938,150.446671,72.254280
1678,0,0.071505,-2.021577,0.698813,-184.068359,15.462656,63.745289,1.078544,-1.326847,2.352788,-341.652344,114.381279,214.965500,3.337774,-0.417909,1.465729,-16.768885,150.088150,71.873795
1679,0,0.070288,-2.021085,0.699040,-184.678360,15.060077,63.313663,1.092515,-1.275816,2.397781,-341.639801,114.268990,214.911407,3.336250,-0.419312,1.467769,-17.544634,149.711014,71.441010
1680,0,0.072329,-2.015884,0.700013,-185.336060,14.664775,62.891296,1.084377,-1.304734,2.368267,-341.657654,114.160461,214.829315,3.337694,-0.418276,1.465951,-18.300583,149.340485,71.047234
1681,0,0.071054,-2.015959,0.695725,-185.999619,14.258929,62.434822,1.065384,-1.366668,2.306020,-341.686798,114.041168,214.751404,3.336326,-0.419069,1.468240,-19.058664,148.977280,70.643257
1682,0,0.074301,-2.017131,0.695243,-186.647568,13.870293,62.004234,1.065955,-1.363834,2.306504,-341.701904,113.943436,214.707794,3.336709,-0.420051,1.468137,-19.823204,148.598648,70.204567
1683,0,0.073679,-2.016022,0.693579,-187.260757,13.486890,61.597359,1.079151,-1.318736,2.347660,-341.702911,113.830139,214.658508,3.337453,-0.420247,1.466962,-20.596642,148.228699,69.802513
1684,0,0.076404,-2.011189,0.694255,-187.923203,13.102212,61.186081,1.103289,-1.233267,2.423372,-341.713898,113.720093,214.612396,3.323217,-0.424040,1.475978,-21.146759,147.988831,69.211380
1685,0,0.073889,-2.012249,0.690217,-188.601044,12.699787,60.692200,1.098931,-1.250301,2.405541,-341.760895,113.617798,214.542297,3.337226,-0.420451,1.468128,-22.101133,147.466339,68.939705
1686,0,0.077685,-2.011225,0.690708,-189.244720,12.316355,60.266769,1.095544,-1.262957,2.391502,-341.808350,113.510674,214.475281,3.324591,-0.425870,1.474227,-22.690214,147.221542,68.354065
1687,0,0.075425,-2.009795,0.689639,-189.873718,11.946168,59.871101,1.082192,-1.307042,2.348982,-341.825134,113.407120,214.415176,3.325033,-0.425553,1.474698,-23.444544,146.848511,67.927689
1688,0,0.078315,-2.006526,0.690320,-190.533081,11.562513,59.425896,1.091680,-1.273199,2.378361,-341.813416,113.284401,214.355331,3.324318,-0.426023,1.474966,-24.211752,146.463165,67.469177
1689,0,0.077746,-2.006990,0.685032,-191.202087,11.170484,58.963764,1.096480,-1.253702,2.393749,-341.806335,113.163277,214.289703,3.326497,-0.427453,1.472336,-24.988253,146.071930,67.053383
1690,0,0.080011,-2.005187,0.684655,-191.865936,10.791954,58.556904,1.108688,-1.211760,2.427914,-341.850952,113.053627,214.187210,3.328860,-0.426373,1.471691,-25.754879,145.670486,66.630539
1691,0,0.079275,-2.002721,0.686962,-192.502090,10.434985,58.148067,1.104673,-1.226917,2.412325,-341.879761,112.949448,214.114182,3.324173,-0.429071,1.474632,-26.471853,145.304764,66.124069
1692,0,0.080241,-2.002556,0.684040,-193.195160,10.039336,57.693310,1.100012,-1.243071,2.396457,-341.910645,112.836212,214.063049,3.328422,-0.429311,1.470206,-27.261423,144.887787,65.686028
1693,0,0.081625,-2.002149,0.680654,-193.839310,9.658324,57.259384,1.102325,-1.232736,2.403995,-341.934784,112.731438,214.016098,3.327094,-0.430886,1.472496,-27.988102,144.515549,65.219101
1694,0,0.080296,-1.998916,0.681618,-194.498245,9.281184,56.822830,1.111679,-1.199480,2.430603,-341.975464,112.617760,213.936447,3.325315,-0.431740,1.473499,-28.724247,144.127396,64.727287
1695,0,0.082950,-1.997449,0.682345,-195.149063,8.920569,56.425480,1.102647,-1.231854,2.399899,-342.018585,112.504082,213.845047,3.327917,-0.432296,1.470919,-29.495663,143.723419,64.273720
1696,0,0.081794,-1.998146,0.677820,-195.834610,8.542238,55.977409,1.103555,-1.228964,2.399967,-342.049316,112.380592,213.750336,3.328460,-0.434024,1.470355,-30.251671,143.328842,63.812771
1697,0,0.084475,-1.995011,0.678757,-196.506912,8.182054,55.552536,1.111073,-1.201484,2.422307,-342.049133,112.268044,213.686661,3.329052,-0.434478,1.470929,-30.998486,142.929260,63.337528
1698,0,0.082132,-1.992236,0.677446,-197.147675,7.809436,55.139133,1.117234,-1.176966,2.441521,-342.053284,112.150238,213.624878,3.328411,-0.436325,1.469454,-31.709433,142.545776,62.829941
1699,0,0.085848,-1.992123,0.675634,-197.814957,7.456051,54.712292,1.091090,-1.266807,2.360166,-342.094604,112.033890,213.533401,3.331602,-0.437038,1.464779,-32.466473,142.138687,62.369171
1700,0,0.083859,-1.991687,0.674736,-198.464264,7.079950,54.271252,1.088101,-1.276879,2.348564,-342.144592,111.928757,213.450241,3.330459,-0.438572,1.468185,-33.185055,141.748596,61.858524
1701,0,0.085159,-1.988599,0.674778,-199.153854,6.721697,53.858852,1.094962,-1.254115,2.367091,-342.172272,111.815117,213.372131,3.328538,-0.441279,1.469389,-33.905121,141.373505,61.345272
1702,0,0.085301,-1.987839,0.672969,-199.770691,6.370216,53.441292,1.102924,-1.226193,2.390742,-342.180389,111.715385,213.327164,3.331110,-0.441184,1.465413,-34.625851,140.967972,60.864052
1703,0,0.086066,-1.987042,0.672482,-200.464615,6.007903,53.020302,1.111409,-1.197282,2.413218,-342.196930,111.587868,213.230408,3.332768,-0.443116,1.462307,-35.352150,140.567581,60.368992
1704,0,0.086476,-1.982633,0.672882,-201.072861,5.657535,52.638229,1.106838,-1.214045,2.395400,-342.240417,111.475052,213.125229,3.333374,-0.444677,1.463647,-36.079243,140.169083,59.842655
1705,0,0.086223,-1.982455,0.669688,-201.793167,5.311976,52.192806,1.102300,-1.227878,2.380779,-342.248505,111.362694,213.035721,3.332551,-0.446286,1.463357,-36.776379,139.788727,59.325344
1706,0,0.087876,-1.981794,0.670827,-202.422302,4.950244,51.775532,1.115500,-1.183150,2.417985,-342.267731,111.269760,212.987976,3.334967,-0.447914,1.459741,-37.512650,139.380615,58.841267
1707,0,0.087116,-1.979491,0.670744,-203.080307,4.619001,51.409695,1.118058,-1.173009,2.424125,-342.282532,111.148170,212.918274,3.334754,-0.449417,1.460382,-38.178703,138.990784,58.291508
1708,0,0.088661,-1.976766,0.670132,-203.736603,4.265092,50.978424,1.083900,-1.283561,2.322742,-342.323578,111.031601,212.829742,3.335701,-0.451104,1.459654,-38.915382,138.572357,57.779915
1709,0,0.087125,-1.976667,0.667787,-204.382828,3.893509,50.530422,1.074928,-1.308718,2.296064,-342.346527,110.918228,212.747406,3.338024,-0.452253,1.455873,-39.604206,138.170166,57.266758
1710,0,0.088211,-1.974472,0.667083,-205.058929,3.564779,50.159355,1.080994,-1.289604,2.312034,-342.359039,110.821709,212.688599,3.340440,-0.454803,1.451956,-40.357227,137.755463,56.773689
1711,0,0.087819,-1.973251,0.667526,-205.678375,3.212897,49.741951,1.134552,-1.117577,2.459007,-342.405334,110.724762,212.601151,3.339736,-0.455019,1.453930,-40.992535,137.359634,56.207367
1712,0,0.088640,-1.972058,0.666296,-206.394028,2.863697,49.321384,1.120216,-1.168137,2.413628,-342.454346,110.601959,212.493591,3.339751,-0.457734,1.453968,-41.705933,136.955627,55.677303
1713,0,0.088949,-1.969042,0.665788,-206.992813,2.530712,48.953072,1.126348,-1.146026,2.429236,-342.462891,110.485451,212.413467,3.343928,-0.459135,1.448025,-42.399311,136.524826,55.161076
1714,0,0.088418,-1.969774,0.664487,-207.719177,2.178382,48.540005,1.146655,-1.074800,2.484499,-342.470825,110.385193,212.357635,3.346811,-0.460624,1.443502,-43.141525,136.102753,54.651913
1715,0,0.089055,-1.967102,0.662697,-208.332962,1.826017,48.127110,1.138882,-1.105281,2.457593,-342.530670,110.282562,212.273788,3.346258,-0.462059,1.445569,-43.798656,135.692276,54.091957
1716,0,0.089835,-1.963588,0.663263,-209.017456,1.493388,47.757320,1.133890,-1.123392,2.439697,-342.566498,110.176964,212.186981,3.347055,-0.464423,1.444945,-44.484642,135.293167,53.550869
1717,0,0.089213,-1.964295,0.662616,-209.678223,1.147728,47.342842,1.123402,-1.156911,2.409198,-342.591064,110.057671,212.109207,3.351073,-0.465722,1.439110,-45.194653,134.850739,53.047306
1718,0,0.090702,-1.963874,0.660417,-210.323257,0.803146,46.939583,1.132045,-1.129143,2.429709,-342.615387,109.952126,212.038376,3.352061,-0.467548,1.436687,-45.895752,134.436447,52.498104
1719,0,0.090367,-1.959799,0.660382,-211.027908,0.469188,46.568184,1.145073,-1.087919,2.459914,-342.681671,109.851395,211.946701,3.353211,-0.469697,1.434424,-46.560413,134.037842,51.926804
1720,0,0.090873,-1.958885,0.660715,-211.641663,0.117672,46.154995,1.156084,-1.049232,2.487343,-342.711395,109.749176,211.868423,3.354836,-0.470963,1.434030,-47.248943,133.621078,51.384418
1721,0,0.091566,-1.958491,0.657463,-212.352982,-0.220475,45.770512,1.154648,-1.053079,2.482118,-342.735931,109.637230,211.808380,3.356016,-0.473844,1.432177,-47.955410,133.213043,50.848927
1722,0,0.090154,-1.955838,0.657982,-212.982788,-0.577854,45.370625,1.144316,-1.090183,2.450021,-342.768555,109.525780,211.714874,3.358780,-0.474337,1.427593,-48.626274,132.792648,50.296860
1723,0,0.091766,-1.954823,0.656648,-213.688599,-0.923791,44.972847,1.142525,-1.096656,2.442162,-342.823730,109.421829,211.654205,3.359503,-0.477110,1.424661,-49.332256,132.377060,49.732399
1724,0,0.090660,-1.953043,0.655264,-214.312332,-1.246464,44.611012,1.150480,-1.069232,2.461683,-342.861176,109.315605,211.592804,3.360076,-0.478592,1.424255,-50.000916,131.973724,49.155338
1725,0,0.092047,-1.949587,0.657361,-214.979218,-1.590519,44.228718,1.159414,-1.039155,2.482912,-342.896881,109.201118,211.532303,3.362296,-0.481458,1.420253,-50.673111,131.564774,48.601738
1726,0,0.090957,-1.949729,0.652164,-215.678177,-1.927822,43.826401,1.152852,-1.063221,2.460835,-342.962708,109.095322,211.423538,3.365997,-0.482151,1.417666,-51.376556,131.142227,48.063309
1727,0,0.093314,-1.946425,0.653470,-216.329559,-2.263807,43.449551,1.157281,-1.047966,2.470529,-342.997284,108.985008,211.366913,3.365018,-0.485698,1.416064,-52.056366,130.750031,47.483791
1728,0,0.091449,-1.945368,0.653253,-216.990479,-2.597917,43.064133,1.169381,-1.004354,2.501567,-343.015320,108.889221,211.307022,3.364347,-0.486582,1.416151,-52.678997,130.360138,46.878014
1729,0,0.094219,-1.944033,0.650182,-217.639420,-2.935275,42.684315,1.168685,-1.005758,2.498224,-343.040100,108.774330,211.247513,3.366353,-0.489088,1.413110,-53.368610,129.961060,46.317890
1730,0,0.093893,-1.940949,0.649912,-218.316025,-3.278075,42.289299,1.165698,-1.019483,2.484549,-343.102203,108.660500,211.145065,3.371160,-0.489635,1.405995,-54.050983,129.539185,45.782909
1731,0,0.093055,-1.940954,0.646691,-218.972336,-3.602728,41.912266,1.156569,-1.050727,2.458545,-343.133331,108.568291,211.080582,3.372219,-0.492103,1.403554,-54.711575,129.143860,45.203274
1732,0,0.096070,-1.939981,0.644829,-219.633896,-3.945349,41.506218,1.181323,-0.963551,2.521946,-343.168915,108.473709,211.031738,3.370911,-0.493977,1.405383,-55.343498,128.757721,44.590805
1733,0,0.093353,-1.936466,0.645119,-220.288544,-4.274210,41.140526,1.192292,-0.923132,2.548537,-343.200043,108.347458,210.973389,3.373054,-0.495767,1.399704,-56.032696,128.342773,44.037041
1734,0,0.097062,-1.933919,0.643898,-220.932770,-4.606643,40.780891,1.178211,-0.976988,2.507170,-343.270325,108.252441,210.884521,3.375177,-0.497355,1.395705,-56.694118,127.943146,43.483826
1735,0,0.094396,-1.934770,0.640709,-221.609772,-4.952153,40.357136,1.169294,-1.007093,2.482521,-343.301666,108.137184,210.825928,3.377937,-0.498149,1.393344,-57.372108,127.530602,42.917313
1736,0,0.096040,-1.931490,0.639981,-222.269913,-5.287225,39.988903,1.169765,-1.005143,2.482253,-343.320221,108.047859,210.768372,3.375767,-0.500218,1.393603,-57.986378,127.150284,42.301872
1737,0,0.095663,-1.928967,0.637735,-222.916595,-5.624407,39.600395,1.174092,-0.990630,2.491331,-343.353455,107.957703,210.706802,3.378578,-0.501132,1.389420,-58.683743,126.742455,41.738926
1738,0,0.095465,-1.928509,0.636708,-223.610107,-5.951303,39.224403,1.156446,-1.050709,2.442662,-343.410126,107.845940,210.615143,3.382069,-0.502529,1.382764,-59.340015,126.330864,41.181236
1739,0,0.097212,-1.925200,0.634531,-224.241745,-6.283217,38.854370,1.174363,-0.991493,2.485847,-343.466217,107.755348,210.541504,3.383201,-0.503486,1.379474,-60.003685,125.932304,40.604843
1740,0,0.096390,-1.925289,0.631847,-224.958801,-6.621970,38.447819,1.180324,-0.969829,2.500096,-343.500854,107.647858,210.480301,3.380791,-0.505902,1.380827,-60.628582,125.557693,39.995331
1741,0,0.097834,-1.922139,0.630823,-225.622986,-6.942585,38.082054,1.215873,-0.838020,2.589286,-343.545258,107.543755,210.415619,3.384703,-0.505523,1.376576,-61.314346,125.134125,39.441364
1742,0,0.098228,-1.919678,0.630212,-226.270355,-7.267063,37.705402,1.212483,-0.855522,2.575126,-343.619843,107.452446,210.320251,3.383966,-0.507440,1.374999,-61.956688,124.758652,38.862003
1743,0,0.097680,-1.919849,0.626570,-226.992676,-7.608416,37.289097,1.203905,-0.889072,2.550776,-343.667419,107.362259,210.265778,3.386415,-0.508054,1.370236,-62.616901,124.362869,38.281464
1744,0,0.099550,-1.915939,0.624335,-227.613068,-7.937902,36.925411,1.189948,-0.937348,2.515553,-343.680237,107.269356,210.211639,3.387184,-0.509599,1.365579,-63.280769,123.962021,37.698452
1745,0,0.100089,-1.914481,0.624949,-228.330811,-8.248209,36.553539,1.193259,-0.925767,2.521988,-343.708923,107.171471,210.144180,3.388246,-0.509455,1.363583,-63.939198,123.569473,37.111153
1746,0,0.100292,-1.912868,0.621273,-228.959839,-8.590561,36.164532,1.177284,-0.983217,2.477611,-343.778595,107.068222,210.050827,3.386747,-0.512446,1.363095,-64.582611,123.197487,36.507576
1747,0,0.101351,-1.910911,0.619211,-229.683990,-8.909371,35.775742,1.209412,-0.870675,2.554731,-343.854370,106.959106,209.965347,3.389945,-0.511491,1.359468,-65.234886,122.802849,35.947556
1748,0,0.099637,-1.910255,0.617777,-230.375580,-9.238601,35.391769,1.219119,-0.833938,2.577748,-343.876038,106.871376,209.905411,3.390716,-0.513293,1.354883,-65.904411,122.425415,35.381531
1749,0,0.102961,-1.908253,0.615760,-231.013977,-9.556990,35.029182,1.231482,-0.786209,2.607001,-343.916290,106.781044,209.850174,3.391425,-0.513277,1.352703,-66.536522,122.040550,34.783085
1750,0,0.101181,-1.905838,0.615348,-231.711639,-9.876872,34.635235,1.203512,-0.893650,2.533523,-343.964050,106.663513,209.764114,3.388127,-0.515335,1.353909,-67.173218,121.686569,34.150917
1751,0,0.101174,-1.903837,0.610779,-232.375671,-10.206193,34.250816,1.198981,-0.910196,2.519772,-344.002472,106.565163,209.682663,3.390255,-0.515685,1.348425,-67.815247,121.296921,33.571114
1752,0,0.103522,-1.904019,0.610000,-233.078308,-10.519679,33.869900,1.192707,-0.930852,2.503620,-344.019257,106.456291,209.622086,3.391758,-0.517593,1.343985,-68.517258,120.911377,33.003899
1753,0,0.099944,-1.900958,0.608727,-233.712189,-10.833159,33.499569,1.206529,-0.882169,2.536000,-344.048309,106.363785,209.554214,3.391322,-0.517894,1.343975,-69.123260,120.548126,32.408089
1754,0,0.104186,-1.897324,0.607822,-234.401428,-11.131886,33.131001,1.214551,-0.857227,2.549987,-344.109222,106.265991,209.437256,3.390904,-0.519440,1.342616,-69.805412,120.165482,31.826324
1755,0,0.101594,-1.899179,0.604989,-235.092484,-11.450339,32.733997,1.235590,-0.780464,2.597841,-344.160217,106.156029,209.357162,3.390386,-0.519828,1.340755,-70.428993,119.795761,31.220518
1756,0,0.102127,-1.896049,0.602970,-235.769104,-11.748646,32.378635,1.242927,-0.751370,2.613866,-344.192139,106.058762,209.288055,3.389222,-0.521615,1.338799,-71.089844,119.428123,30.614223
1757,0,0.103387,-1.894374,0.602794,-236.447327,-12.059258,31.996153,1.246215,-0.739355,2.619659,-344.213135,105.953957,209.230209,3.390770,-0.522468,1.334374,-71.717812,119.055649,30.016262
1758,0,0.100925,-1.892536,0.600508,-237.107529,-12.340900,31.634296,1.242384,-0.757519,2.605746,-344.258514,105.842155,209.141296,3.393552,-0.523505,1.329450,-72.440018,118.652908,29.470472
1759,0,0.102462,-1.890938,0.598984,-237.816238,-12.637852,31.263180,1.205191,-0.895774,2.513036,-344.289795,105.750504,209.076233,3.389901,-0.524996,1.331821,-73.029343,118.300278,28.839085
1760,0,0.100958,-1.890665,0.597172,-238.458282,-12.948245,30.875597,1.214156,-0.865684,2.531694,-344.327301,105.654480,209.015396,3.389411,-0.525273,1.332174,-73.689720,117.923119,28.247547
1761,0,0.101005,-1.886555,0.596524,-239.163345,-13.217854,30.543097,1.223308,-0.834930,2.549813,-344.364777,105.546509,208.930374,3.388557,-0.526143,1.329809,-74.330803,117.543404,27.652649
1762,0,0.101909,-1.884358,0.596824,-239.813156,-13.514927,30.157959,1.236446,-0.790992,2.575317,-344.448578,105.451256,208.830933,3.390226,-0.527488,1.325509,-75.011726,117.151344,27.073164
1763,0,0.100604,-1.883485,0.593679,-240.500565,-13.798237,29.814472,1.242907,-0.768140,2.588156,-344.485687,105.345520,208.776825,3.389464,-0.529359,1.323995,-75.642769,116.784142,26.461681
1764,0,0.100167,-1.881462,0.592814,-241.198273,-14.073430,29.441835,1.253014,-0.729903,2.609874,-344.492523,105.243736,208.715317,3.390204,-0.529869,1.321047,-76.319572,116.402809,25.881201
1765,0,0.101231,-1.879584,0.590726,-241.837082,-14.350198,29.078239,1.252527,-0.735605,2.603237,-344.555450,105.135605,208.619492,3.388976,-0.531350,1.320755,-76.956314,116.032799,25.278662
1766,0,0.100604,-1.876245,0.590994,-242.533752,-14.610621,28.743189,1.246561,-0.761706,2.584852,-344.601929,105.040527,208.545288,3.387725,-0.532829,1.320723,-77.590034,115.666252,24.679665
1767,0,0.099952,-1.875734,0.588966,-243.191742,-14.892786,28.378271,1.240103,-0.786653,2.567633,-344.642120,104.964645,208.502197,3.386587,-0.533835,1.319874,-78.236725,115.297752,24.089209
1768,0,0.100456,-1.873590,0.588360,-243.868027,-15.140603,28.051071,1.273916,-0.657067,2.643884,-344.689911,104.853004,208.437332,3.389723,-0.534697,1.313473,-78.909218,114.904800,23.523937
1769,0,0.098236,-1.871485,0.586793,-244.568268,-15.418796,27.660583,1.266625,-0.692204,2.620361,-344.765900,104.755928,208.338638,3.386520,-0.537488,1.315570,-79.553543,114.545609,22.902309
1770,0,0.100736,-1.869093,0.586311,-245.208420,-15.653644,27.344124,1.279405,-0.643052,2.646282,-344.806458,104.644257,208.259964,3.385686,-0.538798,1.314908,-80.190620,114.179184,22.293293
1771,0,0.098784,-1.867049,0.586825,-245.860474,-15.919218,26.986780,1.306652,-0.527145,2.707147,-344.831390,104.550766,208.197922,3.385258,-0.540351,1.313226,-80.859047,113.810341,21.709072
1772,0,0.098928,-1.865531,0.582272,-246.541489,-16.170816,26.645853,1.303852,-0.543043,2.696887,-344.880707,104.451920,208.126328,3.384423,-0.541526,1.311835,-81.472328,113.443176,21.109901
1773,0,0.099073,-1.863858,0.584567,-247.189407,-16.417257,26.306431,1.300318,-0.562670,2.684372,-344.935822,104.355751,208.064957,3.383095,-0.543925,1.312044,-82.133102,113.077400,20.520306
1774,0,0.098085,-1.862770,0.579613,-247.860229,-16.661234,25.923151,1.241163,-0.794679,2.546646,-344.975647,104.277184,208.016174,3.384521,-0.545070,1.307698,-82.783554,112.701332,19.933466
1775,0,0.099028,-1.859603,0.581539,-248.520096,-16.895510,25.611431,1.256912,-0.738624,2.579746,-345.023651,104.168068,207.950562,3.379080,-0.548578,1.312383,-83.402702,112.361626,19.293341
1776,0,0.098015,-1.859233,0.580620,-249.135880,-17.143938,25.264519,1.265073,-0.711070,2.594201,-345.083221,104.076706,207.873596,3.380635,-0.549261,1.308067,-84.053764,111.974640,18.715157
1777,0,0.097503,-1.855310,0.578858,-249.840744,-17.371416,24.920815,1.303776,-0.557311,2.679012,-345.130127,103.966660,207.801910,3.380301,-0.552374,1.306858,-84.702606,111.610573,18.122890
1778,0,0.099269,-1.852923,0.579905,-250.470490,-17.601702,24.570118,1.313304,-0.518207,2.697601,-345.170532,103.873680,207.737289,3.380471,-0.552963,1.304994,-85.331627,111.240547,17.540110
1779,0,0.097272,-1.851896,0.576546,-251.132492,-17.836426,24.237518,1.325485,-0.465840,2.721857,-345.222443,103.774666,207.680450,3.377213,-0.556755,1.306513,-85.941315,110.889908,16.928837
1780,0,0.097303,-1.849642,0.576495,-251.830368,-18.060686,23.891483,1.288928,-0.625122,2.635916,-345.266449,103.677979,207.605331,3.377850,-0.557188,1.304742,-86.601273,110.497597,16.341282
1781,0,0.096888,-1.848416,0.575434,-252.410049,-18.275625,23.570229,1.282645,-0.651825,2.618765,-345.327454,103.577164,207.551651,3.375536,-0.560040,1.305534,-87.212280,110.139160,15.723430
1782,0,0.096177,-1.844179,0.575276,-253.111954,-18.498024,23.225365,1.279319,-0.666052,2.609229,-345.393341,103.486565,207.524994,3.375564,-0.562382,1.302004,-87.855667,109.763306,15.143807
1783,0,0.097001,-1.842667,0.573471,-253.753036,-18.720474,22.894575,1.285352,-0.643554,2.620825,-345.440399,103.409294,207.482712,3.376753,-0.564683,1.299306,-88.490639,109.381706,14.577802
1784,0,0.095673,-1.841368,0.573318,-254.380341,-18.935064,22.552814,1.291779,-0.621257,2.631273,-345.500031,103.311043,207.419876,3.376463,-0.566585,1.296767,-89.118958,108.997253,13.992040
1785,0,0.096156,-1.839998,0.568717,-255.112198,-19.152754,22.198935,1.304057,-0.576968,2.653345,-345.567810,103.203438,207.351517,3.373230,-0.568631,1.299959,-89.716011,108.627930,13.363052
1786,0,0.095210,-1.837477,0.570932,-255.685272,-19.372116,21.884693,1.309052,-0.558075,2.661442,-345.627136,103.099594,207.297897,3.373125,-0.571798,1.299117,-90.358131,108.239685,12.796346
1787,0,0.097131,-1.835563,0.567447,-256.391846,-19.577454,21.532972,1.309329,-0.557499,2.660207,-345.659729,103.010933,207.260056,3.374715,-0.573560,1.295526,-90.976196,107.854324,12.222794
1788,0,0.094651,-1.833492,0.567715,-257.033722,-19.780066,21.206532,1.294183,-0.620017,2.624074,-345.723907,102.914886,207.216080,3.371487,-0.578001,1.296532,-91.594139,107.495193,11.627281
1789,0,0.096966,-1.831958,0.566248,-257.638336,-19.981010,20.899609,1.307702,-0.569589,2.650361,-345.792847,102.827736,207.179108,3.374588,-0.579181,1.291952,-92.239586,107.080437,11.070236
1790,0,0.094742,-1.827761,0.565940,-258.345276,-20.202911,20.555508,1.315825,-0.539444,2.664979,-345.863953,102.742058,207.150131,3.371475,-0.583167,1.292074,-92.833008,106.709343,10.462647
1791,0,0.094244,-1.827994,0.561613,-258.996704,-20.402832,20.236980,1.322116,-0.515364,2.675664,-345.928772,102.643227,207.105469,3.372755,-0.584567,1.289702,-93.453529,106.320480,9.888017
1792,0,0.094266,-1.823063,0.564650,-259.636414,-20.601135,19.908953,1.343844,-0.424710,2.718088,-346.005646,102.539833,207.040619,3.372399,-0.588225,1.287429,-94.079788,105.937172,9.313626
1793,0,0.093244,-1.823061,0.559511,-260.307465,-20.798035,19.581980,1.338082,-0.451990,2.703253,-346.067108,102.435982,207.011780,3.373256,-0.590118,1.286374,-94.689598,105.550415,8.742637
1794,0,0.093065,-1.820891,0.562008,-260.911072,-20.997730,19.280722,1.329538,-0.487920,2.684147,-346.104370,102.337250,206.999786,3.369813,-0.594440,1.288511,-95.297607,105.184517,8.136756
1795,0,0.094554,-1.816812,0.558826,-261.571777,-21.201880,18.938179,1.327189,-0.498496,2.677529,-346.143585,102.244644,206.987457,3.370439,-0.597084,1.285932,-95.903313,104.798256,7.574369
1796,0,0.092431,-1.815893,0.557123,-262.243927,-21.397682,18.616009,1.315165,-0.547813,2.650784,-346.188690,102.154297,206.974503,3.371359,-0.600532,1.281459,-96.515442,104.421860,7.010740
1797,0,0.094152,-1.813749,0.555838,-262.861847,-21.606554,18.295937,1.308486,-0.574175,2.634683,-346.238373,102.036102,206.939880,3.371026,-0.602977,1.280417,-97.109032,104.026093,6.422560
1798,0,0.092230,-1.810968,0.554793,-263.528992,-21.796734,17.973272,1.304834,-0.590196,2.623888,-346.311066,101.928421,206.894226,3.370224,-0.606826,1.278962,-97.728760,103.635956,5.845060
1799,0,0.091648,-1.811129,0.551891,-264.195831,-21.982044,17.673344,1.314849,-0.552078,2.642785,-346.377167,101.831947,206.855652,3.371220,-0.608825,1.278231,-98.319252,103.249123,5.281578
1800,0,0.091779,-1.805397,0.552547,-264.810730,-22.178476,17.349028,1.321467,-0.527381,2.654338,-346.436340,101.731323,206.831360,3.370214,-0.612946,1.277367,-98.925728,102.869972,4.728823
1801,0,0.092074,-1.804567,0.549501,-265.496704,-22.354759,17.038393,1.377111,-0.280219,2.768388,-346.501007,101.627831,206.806671,3.371415,-0.615922,1.273138,-99.503471,102.479416,4.171498
1802,0,0.090238,-1.803121,0.548453,-266.112671,-22.556372,16.715818,1.368440,-0.325102,2.747829,-346.554413,101.528366,206.785187,3.371407,-0.618487,1.270700,-100.121468,102.087250,3.605470
1803,0,0.092497,-1.800180,0.547195,-266.755127,-22.748409,16.406252,1.372509,-0.306387,2.754400,-346.603455,101.432022,206.764908,3.370667,-0.621623,1.270110,-100.679428,101.706688,3.017722
1804,0,0.090585,-1.799067,0.544552,-267.435486,-22.932598,16.088362,1.347137,-0.423509,2.700163,-346.646790,101.332687,206.744843,3.371505,-0.625572,1.267181,-101.299500,101.312424,2.470302

